1512000000000 0.000195 0.00169996 0.000195 0.0002766 4128741.0 1512086399999 1203.58835709 2014 1706905.0 491.56964821
1512086400000 0.0002766 0.0002985 0.00026 0.00028204 6533328.0 1512172799999 1814.75407517 2883 2527750.0 707.9675306
1512172800000 0.00028436 0.0003 0.000281 0.000292 5673496.0 1512259199999 1656.10388373 2955 1996850.0 585.5371206
1512259200000 0.00029289 0.00029489 0.000274 0.00028976 5295843.0 1512345599999 1500.82758485 2664 1794867.0 509.83454941
1512345600000 0.00028975 0.00031668 0.000275 0.00029536 9605309.0 1512431999999 2791.87518453 3714 4135616.0 1203.24471662
1512432000000 0.00029533 0.0003 0.000278 0.000284 13246281.0 1512518399999 3789.17768771 6121 3503033.0 1005.07336576
1512518400000 0.000284 0.000323 0.00026 0.0002825 17682590.0 1512604799999 5004.923354 7421 6139856.0 1756.18972739
1512604800000 0.00028506 0.000325 0.00025 0.00025004 16220195.0 1512691199999 4513.61372816 8041 5016705.0 1427.52616682
1512691200000 0.00025004 0.00029 0.00022473 0.00025508 25097740.0 1512777599999 6392.40044698 11521 4213104.0 1069.17955319
1512777600000 0.00025516 0.00029405 0.00023488 0.0002581 16960518.0 1512863999999 4341.86931018 8508 5298006.0 1391.66300236
1512864000000 0.00025614 0.00026505 0.00023812 0.00025017 21761273.0 1512950399999 5446.34045078 9159 3071782.0 769.34630773
1512950400000 0.00025043 0.00025731 0.00023812 0.00023812 14687484.0 1513036799999 3600.25784972 7696 3599224.0 891.04719261
1513036800000 0.00023812 0.00024619 0.000175 0.00020979 27985818.0 1513123199999 6137.36729067 8972 6431287.0 1348.08666851
1513123200000 0.0002096 0.0002096 0.0001795 0.00019458 19364183.0 1513209599999 3794.39016975 8170 8926944.0 1751.42026844
1513209600000 0.0001915 0.000438 0.000179 0.00037003 72784668.0 1513295999999 19959.81967172 26912 34079516.0 9355.70013642
1513296000000 0.00037004 0.00037429 0.0002677 0.00031656 42368945.0 1513382399999 13759.94339038 23160 17898522.0 5867.8796896
1513382400000 0.00031656 0.000698 0.00029001 0.00057821 63228113.0 1513468799999 28479.60342372 39616 28952857.0 13100.21009099
1513468800000 0.00057821 0.00085 0.000528 0.00067901 64221404.0 1513555199999 43055.46246572 61746 32585221.0 21937.3577622
1513555200000 0.00067901 0.00071463 0.00059007 0.0006732 25802205.0 1513641599999 16930.98977691 32769 13513934.0 8885.52112795
1513641600000 0.0006732 0.00079499 0.00060021 0.00065 29454904.0 1513727999999 20014.51569087 39953 14105058.0 9605.54033739
1513728000000 0.00064982 0.00065979 0.00052 0.00061368 23524816.0 1513814399999 14220.23467195 32664 10795332.0 6549.27348555
1513814400000 0.00061975 0.0006498 0.00057 0.00060329 24752495.0 1513900799999 14777.11444632 31422 10820558.0 6458.23993853
1513900800000 0.00060131 0.00065 0.00054 0.00062212 31376403.0 1513987199999 18632.50393343 35659 13989642.0 8337.96181718
1513987200000 0.00062707 0.00062899 0.00058 0.00059085 19756658.0 1514073599999 11823.42277738 24856 8073631.0 4834.58218565
1514073600000 0.00059085 0.000593 0.0005601 0.00056552 12902067.0 1514159999999 7418.53474746 19787 5360872.0 3087.18322996
1514160000000 0.00056404 0.000605 0.000481 0.0005686 17775262.0 1514246399999 9712.39973683 19523 7396547.0 4068.12289448
1514246400000 0.00056605 0.00058 0.00051032 0.00056567 13391226.0 1514332799999 7425.87046511 16600 6214965.0 3456.79501256
1514332800000 0.00056567 0.000574 0.00054 0.000557 14849383.0 1514419199999 8239.09430618 19850 6908122.0 3837.7377023
1514419200000 0.000557 0.00058 0.00053 0.00056839 17138543.0 1514505599999 9496.11989555 21062 8475361.0 4700.97382875
1514505600000 0.00056769 0.00078551 0.00056 0.00072309 40224360.0 1514591999999 26135.61408399 47351 18709421.0 12188.82874169
1514592000000 0.00072307 0.00122 0.0006895 0.00094 80723150.0 1514678399999 75387.4645648 113833 41202907.0 38647.29933877
1514678400000 0.000942 0.0011 0.0009395 0.00097823 38738527.0 1514764799999 39053.46410622 63581 18551599.0 18750.35274586
1514764800000 0.00097823 0.00098597 0.000904 0.00098388 23209667.0 1514851199999 21961.25174244 35364 9691888.0 9191.08180395
1514851200000 0.0009811 0.00102372 0.000811 0.0009159 35105385.0 1514937599999 31488.75072171 58839 16895716.0 15181.26010579
1514937600000 0.00091589 0.001267 0.00090501 0.00113996 62461128.0 1515023999999 69542.54560798 120414 30966290.0 34556.07387979
1515024000000 0.00113993 0.0014 0.0010708 0.00121822 53662336.0 1515110399999 67107.59329785 114276 29362442.0 36846.01865257
1515110400000 0.00121577 0.001276 0.00091082 0.00102205 56570892.0 1515196799999 59268.11998461 103120 30652437.0 32207.34164445
1515196800000 0.00102205 0.00109 0.000935 0.00100405 34947078.0 1515283199999 35196.94962768 62400 19339458.0 19485.8911717
1515283200000 0.00100405 0.00101792 0.00087 0.00087499 25885515.0 1515369599999 24156.36691497 46439 13078211.0 12133.33115599
1515369600000 0.000875 0.00087604 2.01e-06 0.0007749 48847275.0 1515455999999 37654.75372319 62430 29998615.0 23514.95458662
1515456000000 0.0007749 0.00077878 0.00055 0.00061268 37532121.0 1515542399999 25855.08947531 54446 21100086.0 14513.30917227
1515542400000 0.00061023 0.00065 0.0005 0.00063135 43481932.0 1515628799999 24348.43811225 62085 23045647.0 12870.91775035
1515628800000 0.00063134 0.00063135 0.00050001 0.00060114 38955553.0 1515715199999 22420.99793193 57867 17650062.0 10172.09193563
1515715200000 0.00060114 0.00075 0.00018 0.00071588 59947333.0 1515801599999 38095.1129684 82689 30901992.0 20040.99634247
1515801600000 0.00071588 0.0007599 0.00059 0.00062883 51822363.0 1515887999999 34752.76811686 86117 26513944.0 17715.65498157
1515888000000 0.00062884 0.00062984 0.000555 0.00058202 32321003.0 1515974399999 18964.84195132 47442 19343742.0 11340.78087156
1515974400000 0.00058202 0.00069876 0.00057025 0.00060897 55999536.0 1516060799999 35131.40487876 70036 20533898.0 12811.1770589
1516060800000 0.00060897 0.000616 0.00052434 0.00059195 49114123.0 1516147199999 28578.43330382 63415 20739648.0 12065.10910983
1516147200000 0.00059195 0.00065999 0.00054501 0.0006259 46565674.0 1516233599999 27252.31139316 64819 23739445.0 13879.54274149
1516233600000 0.0006259 0.000659 0.00061452 0.00063879 38415447.0 1516319999999 24474.22318307 58468 18253013.0 11612.94348286
1516320000000 0.00063879 0.000645 0.00053333 0.000631 28806992.0 1516406399999 17806.95701885 36293 17060516.0 10589.47469112
1516406400000 0.00063044 0.0006425 0.00059501 0.00061388 26635588.0 1516492799999 16499.4739648 39029 10891203.0 6752.23567488
1516492800000 0.00061388 0.00061388 0.00057152 0.0005883 17758883.0 1516579199999 10478.00548495 30882 7272123.0 4294.50800345
1516579200000 0.00058831 0.0005905 0.00055 0.00057023 20454281.0 1516665599999 11639.20284443 32486 7427923.0 4225.6026053
1516665600000 0.00056845 0.000583 0.00055841 0.000574 17192198.0 1516751999999 9824.41435585 27418 7993577.0 4567.41500455
1516752000000 0.000574 0.00061499 0.0005585 0.00059111 30969778.0 1516838399999 18243.55662049 44819 13621816.0 8029.12759058
1516838400000 0.00059284 0.00063 0.000578 0.00060138 27946895.0 1516924799999 16934.62564311 38820 15039620.0 9111.32155694
1516924800000 0.00060138 0.0006105 0.00056 0.00059059 18772281.0 1517011199999 10988.59149696 29429 8473355.0 4979.66099615
1517011200000 0.00059059 0.00059349 0.00055861 0.00055861 12332048.0 1517097599999 7047.08962757 18234 5563761.0 3183.15963962
1517097600000 0.00055861 0.0005625 0.00050309 0.00051218 15044784.0 1517183999999 7976.40650552 22839 7421211.0 3922.58832206
1517184000000 0.00051199 0.00051399 0.000481 0.000508 13388239.0 1517270399999 6747.27151911 23604 8014893.0 4043.81416647
1517270400000 0.000508 0.0005082 0.00046817 0.00047666 18227563.0 1517356799999 8750.93516831 29387 10047007.0 4811.53965223
1517356800000 0.00047663 0.00047666 0.00043555 0.00045134 17166710.0 1517443199999 7746.31223465 27661 7888199.0 3556.9270188
1517443200000 0.00045134 0.00045989 0.00028 0.00040099 38079966.0 1517529599999 15146.56302623 45791 19659823.0 7847.85907467
1517529600000 0.00040099 0.000444 0.0003496 0.00043965 55163422.0 1517615999999 21424.75432382 65905 25023316.0 9699.51286643
1517616000000 0.00043965 0.00051478 0.0004032 0.00047447 47869812.0 1517702399999 21780.67195188 67931 21120536.0 9604.21106909
1517702400000 0.00047301 0.0005048 0.00043998 0.00046429 28708784.0 1517788799999 13676.92397597 43497 12926148.0 6183.9952893
1517788800000 0.00046428 0.0004675 0.00042656 0.00045134 32399005.0 1517875199999 14414.01277128 41189 15505837.0 6906.03323041
1517875200000 0.00045135 0.00047462 0.00043201 0.00046008 40701793.0 1517961599999 18508.71805511 53206 19903586.0 9034.47087475
1517961600000 0.00046008 0.00046427 0.00042563 0.00043992 24969891.0 1518047999999 11102.15629851 37878 12185410.0 5425.11270741
1518048000000 0.00043992 0.0004415 0.00043278 0.0004335 369237.0 1518134399999 161.89536691 535 157589.0 69.2259015
1518134400000 0.00043278 0.0004412 0.0004 0.00042996 22168130.0 1518220799999 9421.41879521 24195 11176673.0 4740.55849814
1518220800000 0.0004299 0.000481 0.00042521 0.00044938 31426108.0 1518307199999 14303.37075854 45402 16841367.0 7670.85411237
1518307200000 0.00044937 0.000451 0.000429 0.0004314 14655577.0 1518393599999 6389.86872022 21930 6064678.0 2643.86513722
1518393600000 0.0004314 0.00043631 0.0004159 0.00042675 17349816.0 1518479999999 7406.38921387 25450 8002250.0 3419.34561626
1518480000000 0.00042675 0.0004325 0.00041 0.0004207 19814377.0 1518566399999 8327.89989389 26607 11083904.0 4658.01396325
1518566400000 0.00042099 0.00043321 0.0004095 0.000422 28097068.0 1518652799999 11756.07141027 36533 16500691.0 6901.65990069
1518652800000 0.00042201 0.0004312 0.00041002 0.000416 22485827.0 1518739199999 9419.82845005 38280 10890474.0 4566.34472957
1518739200000 0.000416 0.0004212 0.00040461 0.00041649 22398211.0 1518825599999 9236.46397407 32508 10754118.0 4436.65098944
1518825600000 0.0004175 0.00042998 0.00040537 0.00042216 28035438.0 1518911999999 11699.95853137 38137 13812398.0 5775.1605117
1518912000000 0.00042211 0.00042377 0.00039 0.00039777 21886390.0 1518998399999 8849.67929842 29383 9055350.0 3653.25430089
1518998400000 0.00039777 0.00040557 0.00039005 0.0003986 18278020.0 1519084799999 7285.3679016 22798 9572850.0 3816.94846686
1519084800000 0.00039857 0.00040333 0.00038701 0.000393 25604668.0 1519171199999 10151.19744213 31909 13746572.0 5463.6103717
1519171200000 0.000393 0.00041357 0.000379 0.00039225 26836233.0 1519257599999 10517.18922624 33723 13933311.0 5467.87688115
1519257600000 0.00039225 0.00040059 0.00038214 0.00038829 16874033.0 1519343999999 6605.4395442 23249 7905141.0 3096.71929863
1519344000000 0.00038879 0.00038969 0.000365 0.00037532 18431868.0 1519430399999 6894.229395 25897 8206218.0 3068.41117212
1519430400000 0.00037573 0.0003897 0.00035588 0.00036072 15474473.0 1519516799999 5678.0288941 20226 8155163.0 2991.18552003
1519516800000 0.00036072 0.00041 0.00035701 0.00038794 22979344.0 1519603199999 8673.02461998 31766 12087231.0 4563.06168638
1519603200000 0.0003889 0.000389 0.000356 0.00037333 21396298.0 1519689599999 7927.73473514 28458 12464087.0 4604.20483903
1519689600000 0.00037334 0.00038 0.000365 0.00037585 16103699.0 1519775999999 5980.4654817 21343 8812611.0 3274.44224797
1519776000000 0.00037501 0.00037596 0.00035159 0.000354 20201394.0 1519862399999 7309.65983987 21252 9880371.0 3581.32956509
1519862400000 0.000354 0.000354 0.000324 0.00034498 25816283.0 1519948799999 8821.69620703 29174 12133613.0 4154.32184078
1519948800000 0.00034401 0.0003497 0.0003277 0.00033918 22135708.0 1520035199999 7437.48401066 25189 10318603.0 3472.22266015
1520035200000 0.000339 0.00036166 0.000332 0.0003406 21345173.0 1520121599999 7307.34919058 24545 10509220.0 3603.44381455
1520121600000 0.0003406 0.00034999 0.00033333 0.00034303 15233099.0 1520207999999 5183.8882694 16918 8468451.0 2886.08075008
1520208000000 0.00034398 0.0003689 0.00033 0.00034503 27835066.0 1520294399999 9700.82820694 28540 14018061.0 4898.03123032
1520294400000 0.00034503 0.000354 0.00033664 0.00034013 18126161.0 1520380799999 6210.05292746 19368 9195416.0 3152.0395055
1520380800000 0.00034096 0.0003415 0.00030723 0.00032125 31182024.0 1520467199999 10230.70364362 30822 11199078.0 3682.81354255
1520467200000 0.000322 0.00032902 0.00030091 0.000304 22142248.0 1520553599999 6845.13927672 25136 8195682.0 2536.14845327
1520553600000 0.000304 0.00032025 0.0002825 0.00029666 26709427.0 1520639999999 7794.38695217 28347 11055093.0 3233.09188772
1520640000000 0.00029666 0.0003 0.000286 0.00029501 18025992.0 1520726399999 5287.62658368 18541 8446251.0 2480.45418672
1520726400000 0.00029502 0.00030738 0.00028118 0.0003024 14918008.0 1520812799999 4367.74085485 17504 8152422.0 2395.88580157
1520812800000 0.0003024 0.0003244 0.0002903 0.00031111 25252779.0 1520899199999 7789.30703974 25198 15840616.0 4879.5076003
1520899200000 0.00031196 0.0003195 0.00030441 0.00031542 20102926.0 1520985599999 6285.42677631 19969 11459804.0 3584.22988968
1520985600000 0.00031549 0.00033 0.00031159 0.00031526 18809777.0 1521071999999 6020.9739078 22504 10276073.0 3293.01291899
1521072000000 0.00031526 0.00031796 0.00029076 0.00029762 24326728.0 1521158399999 7250.05396629 24397 10019358.0 2978.82454461
1521158400000 0.00029761 0.00029999 0.00028511 0.00029235 19208027.0 1521244799999 5604.37504298 17061 9232318.0 2688.34692486
1521244800000 0.00029235 0.00029742 0.00026929 0.00027569 19810923.0 1521331199999 5532.48613004 16766 7814897.0 2183.24789735
1521331200000 0.00027561 0.00029194 0.00026397 0.00028755 44909473.0 1521417599999 12317.25130173 44198 23053788.0 6338.01085072
1521417600000 0.00028679 0.000345 0.00028676 0.000343 45064712.0 1521503999999 14042.53848264 49605 23928040.0 7463.10173388
1521504000000 0.00034301 0.000369 0.00033628 0.00036117 32829759.0 1521590399999 11469.59178154 33747 15713315.0 5493.97534491
1521590400000 0.0003615 0.00038578 0.00035765 0.0003707 37115345.0 1521676799999 13847.64512534 32773 16682171.0 6217.5533482
1521676800000 0.0003707 0.000378 0.00035102 0.00036802 25671022.0 1521763199999 9386.7112737 25083 11132301.0 4068.46706149
1521763200000 0.00036802 0.00036836 0.0003368 0.00034453 21713146.0 1521849599999 7675.40961897 22579 8430311.0 2989.21293465
1521849600000 0.00034453 0.00037788 0.00033711 0.00035533 30722544.0 1521935999999 10817.6641271 31288 12977239.0 4590.33443033
1521936000000 0.0003553 0.00035967 0.000344 0.00034703 18413918.0 1522022399999 6454.94241414 17485 8019585.0 2814.72986466
1522022400000 0.00034703 0.00034899 0.000325 0.0003378 25217194.0 1522108799999 8496.21540375 21056 9441429.0 3182.88384092
1522108800000 0.0003378 0.000347 0.0003235 0.00033908 29199646.0 1522195199999 9827.35700504 22782 12783630.0 4323.99048768
1522195200000 0.000339 0.00035888 0.00033677 0.00035277 26410665.0 1522281599999 9226.32928077 17002 16954201.0 5921.89393461
1522281600000 0.00035276 0.00037986 0.00034891 0.00037079 28782062.0 1522367999999 10338.58791443 22977 16041348.0 5754.51106407
1522368000000 0.00037076 0.00037472 0.00035795 0.000363 22204047.0 1522454399999 8094.88942282 20869 9219927.0 3364.43031021
1522454400000 0.00036351 0.00039225 0.00035351 0.00038552 24692729.0 1522540799999 9172.63369209 21649 11084294.0 4135.33998948
1522540800000 0.00038575 0.0003964 0.00037793 0.00038901 20323917.0 1522627199999 7832.96888662 16460 10187565.0 3921.83799826
1522627200000 0.00038948 0.000397 0.00037817 0.00039611 13358517.0 1522713599999 5171.76691481 14182 6196958.0 2404.98925365
1522713600000 0.00039611 0.0004135 0.00039501 0.00040947 28103269.0 1522799999999 11310.17978547 22855 11287901.0 4539.89290536
1522800000000 0.00040882 0.000431 0.00039602 0.00040246 32220833.0 1522886399999 13239.40887727 26952 13238628.0 5456.56742862
1522886400000 0.00040176 0.000405 0.00037512 0.00038501 28619253.0 1522972799999 11044.1940537 29067 11131877.0 4297.09556829
1522972800000 0.00038501 0.000392 0.0003785 0.00038681 15548090.0 1523059199999 5989.57193119 15110 4941326.0 1906.63717135
1523059200000 0.00038682 0.00041 0.00037906 0.00038298 14821192.0 1523145599999 5710.65895944 13770 6111409.0 2364.53573022
1523145600000 0.00038298 0.000393 0.00038167 0.00038878 12159181.0 1523231999999 4715.45921155 10845 5152530.0 1999.03245697
1523232000000 0.00038878 0.00040199 0.0003675 0.00037837 22262212.0 1523318399999 8511.75299075 18412 9184854.0 3523.60135477
1523318400000 0.00037939 0.000385 0.00037 0.00037412 17021112.0 1523404799999 6421.00322164 13450 7556940.0 2857.40588793
1523404800000 0.00037402 0.00040548 0.000367 0.00038832 30286352.0 1523491199999 11604.05883024 21708 12631888.0 4844.02721055
1523491200000 0.00038814 0.0004519 0.00038 0.00043487 92579087.0 1523577599999 39104.81041581 63823 44964740.0 18969.86911702
1523577600000 0.00043541 0.00044335 0.000404 0.000407 42086981.0 1523663999999 17756.22639311 32495 18013925.0 7616.64517769
1523664000000 0.0004068 0.00041317 0.0004002 0.00040654 20105725.0 1523750399999 8160.29462599 13655 8845753.0 3589.3681074
1523750400000 0.00040654 0.00043353 0.000401 0.00042401 20128099.0 1523836799999 8479.97669198 17247 10234572.0 4310.09081497
1523836800000 0.00042401 0.00050189 0.00041844 0.00050106 76152775.0 1523923199999 35763.75889113 62010 37371228.0 17526.79466051
1523923200000 0.00050111 0.00054136 0.00048084 0.00048268 68665317.0 1524009599999 34537.15998693 65794 29629402.0 14929.11481429
1524009600000 0.00048248 0.00050471 0.00048 0.000498 23723163.0 1524095999999 11606.76769499 24352 10004179.0 4901.07908936
1524096000000 0.000498 0.000515 0.00047356 0.00047501 23541210.0 1524182399999 11674.58322659 25645 10366859.0 5152.23878298
1524182400000 0.00047501 0.00050148 0.0004681 0.00048947 25696681.0 1524268799999 12525.19708517 27712 11115079.0 5422.18001346
1524268800000 0.00048828 0.000497 0.00046001 0.00047454 21433318.0 1524355199999 10233.21002381 22532 9179154.0 4377.23197693
1524355200000 0.00047454 0.000476 0.00044761 0.0004544 13733120.0 1524441599999 6343.85975563 15647 7047724.0 3258.08508146
1524441600000 0.0004544 0.00045581 0.00044028 0.00044723 14287063.0 1524527999999 6372.30786307 13675 7629087.0 3403.83264206
1524528000000 0.00044608 0.000468 0.000434 0.00043939 31318397.0 1524614399999 13907.33079446 32638 14959876.0 6634.53453092
1524614400000 0.00043998 0.00044499 0.00042231 0.00043584 30392161.0 1524700799999 13261.42160257 34178 15845363.0 6915.69284685
1524700800000 0.00043559 0.000445 0.00042643 0.0004429 21864878.0 1524787199999 9535.69461678 23853 11637988.0 5079.99737906
1524787200000 0.00044289 0.0004485 0.00042953 0.00044229 20921482.0 1524873599999 9213.70488414 22508 10164830.0 4481.25499317
1524873600000 0.00044148 0.0005337 0.00043751 0.00052119 58383812.0 1524959999999 28729.77527221 55871 28263814.0 13954.04105362
1524960000000 0.00052119 0.00056142 0.0005112 0.00052506 45452422.0 1525046399999 24416.75549141 61756 21945988.0 11796.07814629
1525046400000 0.00052505 0.00052505 0.00049287 0.00050885 31692130.0 1525132799999 16139.51318832 42624 15962261.0 8134.37718632
1525132800000 0.00050886 0.00054358 0.00049147 0.00052815 30349531.0 1525219199999 15749.26189931 38919 14617650.0 7593.66113955
1525219200000 0.00052873 0.00055 0.00051242 0.0005403 24048168.0 1525305599999 12835.50938177 33249 11400559.0 6087.61062345
1525305600000 0.0005403 0.00054064 0.00046595 0.0004702 31661348.0 1525391999999 16010.14468766 36092 15165813.0 7676.39955058
1525392000000 0.0004702 0.00048031 0.00044 0.00045623 25503387.0 1525478399999 11729.44793202 24082 13000003.0 5980.38964121
1525478400000 0.00045623 0.00046366 0.00043862 0.00044514 16978147.0 1525564799999 7639.52993471 18959 8285638.0 3731.28120936
1525564800000 0.00044522 0.00044609 0.000423 0.00043595 18779167.0 1525651199999 8198.45436266 18216 9698093.0 4234.34564154
1525651200000 0.00043522 0.0004587 0.00042 0.00043922 23156720.0 1525737599999 10197.31394973 24973 10737314.0 4739.17354693
1525737600000 0.00043922 0.000447 0.0004025 0.00043007 20511817.0 1525823999999 8980.88170406 18300 11691686.0 5119.24354111
1525824000000 0.00043044 0.000432 0.00041 0.0004235 18071324.0 1525910399999 7676.70053898 16670 9866869.0 4196.09992414
1525910400000 0.0004242 0.00042677 0.00040252 0.00040321 17263714.0 1525996799999 7137.47669111 18187 9013473.0 3727.81109309
1525996800000 0.000403 0.00040408 0.0003812 0.0003903 5361965.0 1526083199999 2121.79739295 5169 1805782.0 715.08565892
