1512000000000 9e-06 8.9e-05 9e-06 1.204e-05 71038580.0 1512086399999 857.76790066 9043 41807739.0 506.02898715
1512086400000 1.204e-05 1.265e-05 1.142e-05 1.22e-05 129545422.0 1512172799999 1550.68502236 14446 87963923.0 1052.83274277
1512172800000 1.206e-05 1.267e-05 1.193e-05 1.213e-05 97426260.0 1512259199999 1195.9111348 12286 67682297.0 831.26519842
1512259200000 1.22e-05 1.225e-05 1.109e-05 1.181e-05 86817259.0 1512345599999 1014.3113774 9855 55404160.0 647.25927224
1512345600000 1.18e-05 1.285e-05 1.112e-05 1.179e-05 99263904.0 1512431999999 1167.53554845 13268 64269858.0 756.33818994
1512432000000 1.179e-05 1.25e-05 1.079e-05 1.103e-05 108923208.0 1512518399999 1227.34188583 18276 68799020.0 776.90309515
1512518400000 1.103e-05 1.119e-05 8.5e-06 8.57e-06 117646510.0 1512604799999 1141.68201223 19193 69890671.0 678.75633181
1512604800000 8.59e-06 1e-05 6.07e-06 6.11e-06 142334345.0 1512691199999 1119.27482222 20336 66851913.0 528.85623276
1512691200000 6.11e-06 8.46e-06 5.7e-06 7.11e-06 163376487.0 1512777599999 1132.75223082 28131 71829747.0 500.9647193
1512777600000 7.11e-06 9.72e-06 6.91e-06 8e-06 150862476.0 1512863999999 1210.72450671 26206 60170093.0 484.69865093
1512864000000 7.98e-06 8.28e-06 6.86e-06 7.17e-06 128972223.0 1512950399999 991.56852179 22214 51112842.0 395.18131764
1512950400000 7.18e-06 7.49e-06 6.53e-06 7.31e-06 111365880.0 1513036799999 772.57957639 19818 40744766.0 282.90994038
1513036800000 7.31e-06 8.2e-06 6.75e-06 7.88e-06 136887292.0 1513123199999 984.29746216 24829 58246903.0 420.83392128
1513123200000 7.91e-06 8.5e-06 7.35e-06 8.18e-06 135352512.0 1513209599999 1066.82060063 24117 57818530.0 458.34028759
1513209600000 8.18e-06 1.8e-05 8.09e-06 1.55e-05 341078004.0 1513295999999 4010.55011464 73389 182382490.0 2169.19394656
1513296000000 1.55e-05 1.555e-05 9.59e-06 1.214e-05 306085121.0 1513382399999 3732.82899205 65473 145074499.0 1770.33675454
1513382400000 1.214e-05 2.45e-05 1.145e-05 2.056e-05 487592229.0 1513468799999 8082.677798 118854 258095940.0 4324.36742762
1513468800000 2.056e-05 3.09e-05 1.907e-05 2.542e-05 420405334.0 1513555199999 10368.12334174 164751 207335473.0 5130.29054445
1513555200000 2.542e-05 2.8e-05 2.35e-05 2.792e-05 189435631.0 1513641599999 4860.90332497 87548 87962005.0 2261.20193507
1513641600000 2.795e-05 3.431e-05 2.719e-05 2.997e-05 172486353.0 1513727999999 5233.56897026 109172 87164053.0 2650.27502571
1513728000000 2.997e-05 3.079e-05 2.419e-05 2.961e-05 135331051.0 1513814399999 3847.89357772 80138 59701691.0 1700.48852265
1513814400000 2.961e-05 3.1e-05 2.85e-05 3.047e-05 114225728.0 1513900799999 3381.29603617 68782 58546360.0 1737.15785544
1513900800000 3.047e-05 3.066e-05 2.471e-05 2.98e-05 102357450.0 1513987199999 2947.69434352 65507 50722149.0 1463.74132055
1513987200000 2.98e-05 3e-05 2.79e-05 2.843e-05 69140707.0 1514073599999 1995.71846235 49771 35231874.0 1018.01890363
1514073600000 2.843e-05 2.852e-05 2.7e-05 2.749e-05 54102342.0 1514159999999 1505.66406736 38265 26683154.0 742.1029778
1514160000000 2.749e-05 3.165e-05 2.5e-05 2.962e-05 101362360.0 1514246399999 2881.90361899 53500 55686809.0 1584.60573313
1514246400000 2.962e-05 2.972e-05 2.52e-05 2.706e-05 71292303.0 1514332799999 1935.08915372 41638 35239766.0 955.95867248
1514332800000 2.706e-05 2.782e-05 2.555e-05 2.657e-05 66380832.0 1514419199999 1763.36435138 42006 31577933.0 838.6083814
1514419200000 2.657e-05 2.949e-05 2.561e-05 2.832e-05 64722346.0 1514505599999 1771.0127416 45342 35068662.0 959.95301048
1514505600000 2.832e-05 3.985e-05 2.804e-05 3.679e-05 170182558.0 1514591999999 5631.1342632 109755 94595976.0 3138.4516251
1514592000000 3.678e-05 6.5e-05 3.53e-05 5.176e-05 382885203.0 1514678399999 19215.36280273 265673 200859219.0 10098.76786361
1514678400000 5.183e-05 5.949e-05 5.12e-05 5.19e-05 140384604.0 1514764799999 7668.01221775 130337 71429241.0 3903.95857055
1514764800000 5.19e-05 5.555e-05 5.101e-05 5.555e-05 65064544.0 1514851199999 3432.99134071 72532 36067356.0 1904.87314199
1514851200000 5.555e-05 5.948e-05 4.415e-05 5.332e-05 158958723.0 1514937599999 8668.01287116 140762 84239961.0 4610.46564698
1514937600000 5.335e-05 7.385e-05 5.332e-05 7.144e-05 269654463.0 1515023999999 17766.22846611 259404 157830042.0 10394.18584445
1515024000000 7.14e-05 8.788e-05 6.56e-05 7.59e-05 196188753.0 1515110399999 15722.65275239 252606 100480217.0 8081.48735523
1515110400000 7.59e-05 8.163e-05 5.17e-05 5.7e-05 190406152.0 1515196799999 12294.15474039 210520 91657719.0 5946.04187788
1515196800000 5.793e-05 6.44e-05 5.48e-05 5.888e-05 118612328.0 1515283199999 7121.55916309 122388 59686128.0 3588.20445813
1515283200000 5.895e-05 6.5e-05 5.862e-05 6.076e-05 92733599.0 1515369599999 5663.22939717 104421 45398442.0 2770.48940345
1515369600000 6.076e-05 6.163e-05 5.251e-05 5.887e-05 135899148.0 1515455999999 8011.98184514 114199 63796640.0 3771.65998036
1515456000000 5.887e-05 5.998e-05 5.312e-05 5.501e-05 95968585.0 1515542399999 5480.88648194 98479 43164274.0 2467.91725425
1515542400000 5.501e-05 5.599e-05 4.746e-05 5.3e-05 94925126.0 1515628799999 4946.66800536 112978 43123244.0 2250.41554285
1515628800000 5.3e-05 5.46e-05 4.412e-05 5.173e-05 102308999.0 1515715199999 5214.65209386 105511 49949007.0 2558.26607338
1515715200000 5.183e-05 6.86e-05 5.002e-05 6.535e-05 176536684.0 1515801599999 10450.21122406 183779 95627799.0 5688.61650806
1515801600000 6.535e-05 6.881e-05 5.584e-05 6.15e-05 146125233.0 1515887999999 9206.21776296 177302 74928565.0 4733.92145274
1515888000000 6.152e-05 6.272e-05 5.55e-05 5.812e-05 65367010.0 1515974399999 3767.59285702 87592 29756427.0 1719.07238423
1515974400000 5.823e-05 6.494e-05 5.698e-05 5.698e-05 100561698.0 1516060799999 6052.67625187 128527 53699684.0 3237.62934894
1516060800000 5.698e-05 5.787e-05 4.5e-05 5.436e-05 100386432.0 1516147199999 5349.26840466 100503 50850435.0 2716.1369976
1516147200000 5.449e-05 6e-05 4.589e-05 5.695e-05 102064989.0 1516233599999 5293.34358035 102800 53587337.0 2797.45325898
1516233600000 5.695e-05 5.986e-05 5.451e-05 5.786e-05 83303993.0 1516319999999 4794.55650274 101169 45310675.0 2607.36824516
1516320000000 5.788e-05 5.885e-05 5.54e-05 5.68e-05 49599623.0 1516406399999 2808.51551417 60770 25149864.0 1424.57528683
1516406400000 5.68e-05 5.77e-05 5.222e-05 5.531e-05 56057550.0 1516492799999 3105.27500715 66096 28501731.0 1580.59698599
1516492800000 5.531e-05 5.532e-05 5.162e-05 5.354e-05 37334144.0 1516579199999 1996.80232608 45391 18795616.0 1005.68992403
1516579200000 5.354e-05 5.38e-05 5.077e-05 5.244e-05 44895473.0 1516665599999 2348.03808078 51875 23645558.0 1237.82705228
1516665600000 5.244e-05 5.307e-05 5.1e-05 5.219e-05 35112899.0 1516751999999 1829.45918588 41340 17852271.0 930.97324637
1516752000000 5.219e-05 5.7e-05 5.103e-05 5.527e-05 74618611.0 1516838399999 4039.2142009 84199 41486156.0 2244.06188047
1516838400000 5.527e-05 5.974e-05 5.2e-05 5.661e-05 66907168.0 1516924799999 3818.46608419 79798 35136599.0 2008.6844192
1516924800000 5.661e-05 5.84e-05 5.271e-05 5.597e-05 47918772.0 1517011199999 2657.63390298 52684 26470331.0 1467.5982228
1517011200000 5.597e-05 5.603e-05 5.412e-05 5.437e-05 22652076.0 1517097599999 1243.47095518 28943 11678806.0 641.4595692
1517097600000 5.447e-05 5.506e-05 5.3e-05 5.404e-05 25161525.0 1517183999999 1353.49198761 34782 13592994.0 731.77910187
1517184000000 5.4e-05 5.405e-05 5.2e-05 5.309e-05 27541916.0 1517270399999 1457.32107829 38129 13550414.0 716.82070296
1517270400000 5.309e-05 5.312e-05 5e-05 5.067e-05 34580837.0 1517356799999 1766.6899529 49134 15111693.0 772.98882477
1517356800000 5.056e-05 5.056e-05 4.759e-05 4.939e-05 43818794.0 1517443199999 2133.30400739 52302 21335633.0 1040.03237597
1517443200000 4.94e-05 5.076e-05 4.401e-05 4.531e-05 60172036.0 1517529599999 2816.11499245 68739 26480172.0 1244.50223269
1517529600000 4.531e-05 4.6e-05 3.6e-05 4.553e-05 129935887.0 1517615999999 5323.131415 104705 65813597.0 2689.14582784
1517616000000 4.57e-05 5.39e-05 3.663e-05 4.991e-05 122111259.0 1517702399999 5823.95349739 129904 59913720.0 2886.13310068
1517702400000 4.984e-05 5.264e-05 4.565e-05 4.67e-05 66654730.0 1517788799999 3269.83025635 77904 33066636.0 1628.06746645
1517788800000 4.672e-05 4.739e-05 4.238e-05 4.549e-05 74822354.0 1517875199999 3345.44309113 71229 39052956.0 1744.58030767
1517875200000 4.549e-05 4.75e-05 4.239e-05 4.692e-05 94233372.0 1517961599999 4252.57030481 95425 50337129.0 2269.88538044
1517961600000 4.693e-05 4.693e-05 4.302e-05 4.368e-05 57976668.0 1518047999999 2592.31632267 65770 29203227.0 1306.28396644
1518048000000 4.375e-05 4.403e-05 4.303e-05 4.34e-05 937485.0 1518134399999 40.97789746 1055 427106.0 18.73397078
1518134400000 4.34e-05 4.455e-05 4.1e-05 4.344e-05 48590186.0 1518220799999 2088.64647595 42646 24999785.0 1075.49331237
1518220800000 4.34e-05 4.815e-05 4.32e-05 4.48e-05 83079987.0 1518307199999 3790.08967856 86519 50806097.0 2320.02512126
1518307200000 4.479e-05 4.493e-05 4.308e-05 4.33e-05 33057567.0 1518393599999 1442.65089185 40922 18812538.0 821.24090649
1518393600000 4.33e-05 4.338e-05 4.096e-05 4.151e-05 53052463.0 1518479999999 2233.29134238 47367 29949067.0 1260.57978361
1518480000000 4.155e-05 4.244e-05 4.035e-05 4.147e-05 57720973.0 1518566399999 2376.28844487 53512 33262019.0 1367.24204526
1518566400000 4.143e-05 4.218e-05 4.014e-05 4.107e-05 58107434.0 1518652799999 2375.26223209 61412 28802825.0 1178.51001046
1518652800000 4.107e-05 4.175e-05 3.788e-05 3.84e-05 59757849.0 1518739199999 2373.22814167 66298 28308762.0 1124.99565432
1518739200000 3.84e-05 3.915e-05 3.757e-05 3.853e-05 68695643.0 1518825599999 2633.71702707 64154 35062328.0 1342.56639496
1518825600000 3.853e-05 3.862e-05 3.614e-05 3.71e-05 87259733.0 1518911999999 3276.19422139 81064 33649562.0 1263.86708407
1518912000000 3.71e-05 3.715e-05 3.447e-05 3.49e-05 53373641.0 1518998399999 1896.61843289 52235 22890868.0 812.86428102
1518998400000 3.49e-05 3.525e-05 3.351e-05 3.356e-05 51460704.0 1519084799999 1773.81239956 42104 28735418.0 991.46023208
1519084800000 3.356e-05 3.363e-05 3.06e-05 3.095e-05 70862134.0 1519171199999 2279.5389444 58661 37647680.0 1211.70585936
1519171200000 3.095e-05 3.262e-05 3.034e-05 3.14e-05 72303861.0 1519257599999 2276.03223244 62206 35474853.0 1114.83434842
1519257600000 3.142e-05 3.219e-05 3.099e-05 3.172e-05 51770116.0 1519343999999 1629.70411052 46719 31028381.0 976.42207955
1519344000000 3.176e-05 3.4e-05 3.101e-05 3.158e-05 65392997.0 1519430399999 2072.02014678 54504 30845454.0 978.51657339
1519430400000 3.158e-05 3.2e-05 3.051e-05 3.101e-05 41868839.0 1519516799999 1303.45003845 37365 20318098.0 633.15220744
1519516800000 3.101e-05 3.588e-05 3.091e-05 3.42e-05 111898876.0 1519603199999 3739.83616859 91059 52983872.0 1769.005394
1519603200000 3.42e-05 3.424e-05 3.128e-05 3.139e-05 84154411.0 1519689599999 2722.84264514 67343 42306018.0 1368.12144888
1519689600000 3.139e-05 3.18e-05 3.021e-05 3.093e-05 55537814.0 1519775999999 1717.28567637 42113 27015956.0 836.54518876
1519776000000 3.093e-05 3.099e-05 2.906e-05 2.925e-05 53533069.0 1519862399999 1583.15901689 36020 29755649.0 878.23587892
1519862400000 2.927e-05 2.934e-05 2.59e-05 2.744e-05 103804657.0 1519948799999 2880.86078641 58827 58065791.0 1608.8818473
1519948800000 2.744e-05 2.747e-05 2.561e-05 2.626e-05 73939105.0 1520035199999 1952.34234104 49613 32914121.0 868.35877676
1520035200000 2.626e-05 2.81e-05 2.485e-05 2.543e-05 83680805.0 1520121599999 2173.83482416 52528 42026761.0 1088.820827
1520121600000 2.546e-05 2.686e-05 2.519e-05 2.578e-05 71695688.0 1520207999999 1856.4397668 40959 37819903.0 978.08686318
1520208000000 2.578e-05 2.771e-05 2.5e-05 2.542e-05 119538539.0 1520294399999 3133.82477959 70128 55887571.0 1467.12441975
1520294400000 2.547e-05 2.658e-05 2.514e-05 2.585e-05 75331007.0 1520380799999 1949.12832117 46909 39735757.0 1027.62856558
1520380800000 2.585e-05 2.585e-05 2.275e-05 2.434e-05 110972646.0 1520467199999 2723.61833521 65288 53993983.0 1327.0899316
1520467200000 2.437e-05 2.478e-05 2.275e-05 2.276e-05 80430889.0 1520553599999 1888.67324404 47123 38119092.0 895.61025055
1520553600000 2.28e-05 2.34e-05 2.178e-05 2.321e-05 97919815.0 1520639999999 2190.38334367 54920 51256381.0 1145.13749733
1520640000000 2.322e-05 2.363e-05 2.256e-05 2.291e-05 60128752.0 1520726399999 1382.30266277 35667 32395354.0 744.99178169
1520726400000 2.292e-05 2.316e-05 2.219e-05 2.292e-05 43539970.0 1520812799999 986.81177619 29413 23443714.0 532.04134508
1520812800000 2.294e-05 2.492e-05 2.251e-05 2.381e-05 111469362.0 1520899199999 2626.5190874 59822 59283155.0 1393.31883713
1520899200000 2.381e-05 2.421e-05 2.312e-05 2.382e-05 94978615.0 1520985599999 2252.08406571 47731 47364995.0 1123.20865102
1520985600000 2.384e-05 2.485e-05 2.326e-05 2.348e-05 124763564.0 1521071999999 3002.43325034 57272 58832238.0 1416.71107461
1521072000000 2.348e-05 2.379e-05 2.159e-05 2.195e-05 119651490.0 1521158399999 2652.11007131 52809 58087021.0 1288.93823671
1521158400000 2.195e-05 2.201e-05 2.065e-05 2.116e-05 90658182.0 1521244799999 1939.08146074 37268 44453096.0 950.9055558
1521244800000 2.114e-05 2.124e-05 1.912e-05 1.926e-05 102702892.0 1521331199999 2080.78565398 37987 47242754.0 956.63970284
1521331200000 1.926e-05 1.968e-05 1.666e-05 1.883e-05 184336828.0 1521417599999 3339.07083767 77209 93749602.0 1697.51276366
1521417600000 1.88e-05 2.223e-05 1.874e-05 2.221e-05 213339389.0 1521503999999 4308.28117386 93325 111047333.0 2241.58356236
1521504000000 2.222e-05 2.318e-05 2.087e-05 2.26e-05 165813235.0 1521590399999 3658.36528679 75891 81141932.0 1790.26384558
1521590400000 2.26e-05 2.455e-05 2.23e-05 2.335e-05 169573908.0 1521676799999 4006.79757639 76364 84435743.0 1994.95705866
1521676800000 2.334e-05 2.397e-05 2.163e-05 2.281e-05 153037042.0 1521763199999 3472.95555562 60129 79267545.0 1799.06127179
1521763200000 2.281e-05 2.285e-05 2.062e-05 2.1e-05 130805466.0 1521849599999 2840.20012605 55371 64227506.0 1395.47013152
1521849600000 2.099e-05 2.28e-05 2.051e-05 2.161e-05 190474810.0 1521935999999 4061.22207624 78592 91644182.0 1954.20425388
1521936000000 2.161e-05 2.19e-05 2.092e-05 2.147e-05 123392883.0 1522022399999 2640.61952128 45363 57545553.0 1231.31635915
1522022400000 2.147e-05 2.16e-05 1.964e-05 2.016e-05 168754575.0 1522108799999 3440.8925037 56462 88782517.0 1808.68825513
1522108800000 2.017e-05 2.03e-05 1.887e-05 1.95e-05 134846723.0 1522195199999 2631.62354568 47917 67984281.0 1325.83731735
1522195200000 1.949e-05 2.02e-05 1.935e-05 1.979e-05 103069940.0 1522281599999 2053.23570832 36627 56166611.0 1119.68597772
1522281600000 1.979e-05 2.06e-05 1.906e-05 2.004e-05 124103945.0 1522367999999 2457.67748824 50144 60643347.0 1198.96476315
1522368000000 2.005e-05 2.101e-05 1.968e-05 2.085e-05 119080424.0 1522454399999 2418.83251667 44708 57756571.0 1172.0432625
1522454400000 2.084e-05 2.239e-05 2.05e-05 2.194e-05 142363521.0 1522540799999 3035.32181316 54845 64476506.0 1374.29779328
1522540800000 2.194e-05 2.246e-05 2.09e-05 2.161e-05 109614818.0 1522627199999 2372.98886408 38957 55137035.0 1194.34776802
1522627200000 2.161e-05 2.163e-05 2.094e-05 2.163e-05 105349732.0 1522713599999 2248.77128516 32689 57888618.0 1235.81566586
1522713600000 2.163e-05 2.314e-05 2.15e-05 2.288e-05 194156022.0 1522799999999 4286.68410297 60624 117436669.0 2595.63067645
1522800000000 2.289e-05 2.375e-05 2.181e-05 2.242e-05 193359560.0 1522886399999 4378.01680313 67463 100165179.0 2269.84629164
1522886400000 2.242e-05 2.243e-05 2.1e-05 2.163e-05 158981638.0 1522972799999 3433.90501537 59642 67957549.0 1468.7165888
1522972800000 2.165e-05 2.185e-05 2.113e-05 2.158e-05 89939256.0 1523059199999 1937.84795457 36034 42302497.0 911.8535521
1523059200000 2.159e-05 2.164e-05 2.117e-05 2.134e-05 83053317.0 1523145599999 1776.61778969 33384 36747625.0 786.39564203
1523145600000 2.135e-05 2.236e-05 2.128e-05 2.22e-05 98409550.0 1523231999999 2153.46903307 38397 49879461.0 1091.7123048
1523232000000 2.219e-05 2.317e-05 2.176e-05 2.234e-05 136817420.0 1523318399999 3057.63748832 52625 73036215.0 1634.09214457
1523318400000 2.233e-05 2.31e-05 2.18e-05 2.275e-05 101511723.0 1523404799999 2273.84496836 42051 51390370.0 1152.2741525
1523404800000 2.274e-05 2.47e-05 2.238e-05 2.398e-05 202881301.0 1523491199999 4754.40852848 72912 108312053.0 2539.30620507
1523491200000 2.401e-05 2.83e-05 2.382e-05 2.72e-05 621195261.0 1523577599999 16136.63324746 217876 304917537.0 7931.96392649
1523577600000 2.719e-05 2.764e-05 2.5e-05 2.547e-05 240740911.0 1523663999999 6408.92589768 107957 122049476.0 3251.16156218
1523664000000 2.547e-05 2.59e-05 2.491e-05 2.554e-05 91999790.0 1523750399999 2337.48545888 41003 46854790.0 1191.36435208
1523750400000 2.554e-05 2.744e-05 2.534e-05 2.708e-05 123268480.0 1523836799999 3282.03687871 57752 63190278.0 1682.8531766
1523836800000 2.707e-05 3.19e-05 2.633e-05 3.181e-05 492839596.0 1523923199999 14576.32407107 194528 260708017.0 7723.38481925
1523923200000 3.181e-05 3.421e-05 3.066e-05 3.077e-05 409693804.0 1524009599999 13142.48427231 206764 210524955.0 6761.30537078
1524009600000 3.076e-05 3.235e-05 3.046e-05 3.206e-05 141263924.0 1524095999999 4420.2919539 89948 72437698.0 2267.40081332
1524096000000 3.204e-05 3.34e-05 3.169e-05 3.256e-05 152019570.0 1524182399999 4960.54815185 102676 78057263.0 2547.5913341
1524182400000 3.263e-05 3.493e-05 3.226e-05 3.395e-05 195943119.0 1524268799999 6616.15396694 134252 97917814.0 3307.7642124
1524268800000 3.4e-05 3.475e-05 3.091e-05 3.219e-05 146733077.0 1524355199999 4792.02845189 106714 72726195.0 2375.18128811
1524355200000 3.219e-05 3.306e-05 3.143e-05 3.204e-05 81394762.0 1524441599999 2629.76601774 63091 41491958.0 1341.38437262
1524441600000 3.207e-05 3.23e-05 3.166e-05 3.218e-05 75426553.0 1524527999999 2414.59240519 53221 39694415.0 1271.09392839
1524528000000 3.217e-05 3.435e-05 3.166e-05 3.205e-05 196585939.0 1524614399999 6476.53446047 139999 97791575.0 3222.80299959
1524614400000 3.204e-05 3.228e-05 2.91e-05 3.026e-05 171250021.0 1524700799999 5226.97485967 111397 83253684.0 2540.64377107
1524700800000 3.03e-05 3.175e-05 2.955e-05 3.16e-05 117554148.0 1524787199999 3640.28427753 71102 55249776.0 1712.93302407
1524787200000 3.16e-05 3.286e-05 3.1e-05 3.187e-05 127842905.0 1524873599999 4082.49694157 77572 67277115.0 2148.45200094
1524873600000 3.184e-05 3.91e-05 3.171e-05 3.81e-05 398741555.0 1524959999999 14424.43089387 227880 214335818.0 7759.30775527
1524960000000 3.806e-05 4.113e-05 3.735e-05 3.847e-05 321369637.0 1525046399999 12615.6757021 217389 171754573.0 6752.46855435
1525046400000 3.843e-05 3.847e-05 3.605e-05 3.689e-05 166297977.0 1525132799999 6220.50957688 134928 84957095.0 3179.07036504
1525132800000 3.69e-05 3.987e-05 3.522e-05 3.913e-05 192780345.0 1525219199999 7339.85452579 130890 99525783.0 3797.01583378
1525219200000 3.913e-05 4.096e-05 3.819e-05 4.023e-05 165851303.0 1525305599999 6598.41661802 113722 87780548.0 3493.55438318
1525305600000 4.023e-05 4.19e-05 3.72e-05 3.76e-05 175760214.0 1525391999999 6975.94478243 142373 95565104.0 3795.48212351
1525392000000 3.76e-05 3.833e-05 3.615e-05 3.69e-05 100678226.0 1525478399999 3755.0646449 79684 52969475.0 1978.51244528
1525478400000 3.692e-05 3.771e-05 3.639e-05 3.706e-05 73149862.0 1525564799999 2709.50194651 61041 41745011.0 1546.18654637
1525564800000 3.705e-05 3.705e-05 3.5e-05 3.58e-05 72671917.0 1525651199999 2610.21927037 61283 35089854.0 1262.03503906
1525651200000 3.581e-05 3.589e-05 3.395e-05 3.531e-05 93166234.0 1525737599999 3253.26600286 66240 48054989.0 1678.22444898
1525737600000 3.534e-05 3.659e-05 3.468e-05 3.509e-05 88142409.0 1525823999999 3127.92650838 66101 46122517.0 1634.98407661
1525824000000 3.504e-05 3.527e-05 3.229e-05 3.42e-05 89409865.0 1525910399999 3042.58800625 65811 45211034.0 1538.63585396
1525910400000 3.419e-05 3.441e-05 3.23e-05 3.237e-05 74209145.0 1525996799999 2498.24840895 58802 38690102.0 1303.99412684
1525996800000 3.238e-05 3.28e-05 3.179e-05 3.209e-05 22939061.0 1526083199999 739.37514383 15753 10858962.0 350.73023506
