1523923200000 0.25551 0.288 0.23983 0.2426 67462293.24 1524009599999 17411823.5715796 42568 28228665.39 7281513.0613701
1524009600000 0.2426 0.2646 0.24201 0.262 31328095.79 1524095999999 7922134.2830433 21684 15082512.84 3818068.8263284
1524096000000 0.26199 0.275 0.25777 0.27004 50859980.22 1524182399999 13609907.8997887 32600 23934593.69 6408750.3119017
1524182400000 0.27004 0.30442 0.26648 0.30108 71084276.49 1524268799999 20270887.7035135 46506 35262790.18 10040840.1277773
1524268800000 0.30161 0.307 0.26509 0.28668 92719842.91 1524355199999 26539390.1272096 55256 43517191.79 12413648.370707
1524355200000 0.28669 0.2973 0.27716 0.2816 48693828.46 1524441599999 13995484.4068116 31512 23214895.86 6679180.5373058
1524441600000 0.2816 0.28867 0.28064 0.28788 34341260.85 1524527999999 9788784.216761 22695 13692447.5 3904591.5216674
1524528000000 0.28798 0.32 0.28593 0.30853 90526059.79 1524614399999 27728564.2693527 59339 43507259.85 13294488.197198
1524614400000 0.3085 0.31099 0.2573 0.2687 124688510.26 1524700799999 34935280.9171051 75613 53116874.13 14847651.6523386
1524700800000 0.2687 0.2939 0.255 0.29326 68109625.26 1524787199999 18704063.4600531 46981 31814747.97 8746078.1685526
1524787200000 0.29326 0.30643 0.28145 0.28445 69781321.86 1524873599999 20504315.2829051 46133 34026765.74 10013836.6971222
1524873600000 0.2844 0.36498 0.2817 0.35676 168937876.23 1524959999999 56407387.7275342 103617 89831223.31 29871051.6685067
1524960000000 0.35675 0.3866 0.3415 0.36254 162840221.99 1525046399999 59607359.481852 103067 79911394.87 29289779.1251626
1525046400000 0.36251 0.3637 0.33 0.34145 93142615.39 1525132799999 32338238.1086064 71564 40477907.58 14067204.9471302
1525132800000 0.34145 0.36034 0.3187 0.35504 120368721.75 1525219199999 40859083.9958413 71249 56496967.88 19249295.8306426
1525219200000 0.35498 0.37586 0.345 0.37199 65457686.29 1525305599999 23759298.7286126 54666 34084267.41 12386872.9913515
1525305600000 0.37199 0.3885 0.36402 0.36716 88326409.65 1525391999999 32983955.9240044 68511 37735576.74 14118032.4283588
1525392000000 0.36683 0.36897 0.3465 0.358 56069269.37 1525478399999 20199051.7838262 44209 26029367.87 9365192.7733509
1525478400000 0.3584 0.37434 0.35771 0.36502 46962690.28 1525564799999 17211963.4002311 37709 19905635.98 7303836.4003063
1525564800000 0.36502 0.36641 0.33538 0.34654 63926868.16 1525651199999 22202800.2271052 45636 27676267.84 9566932.9108764
1525651200000 0.34599 0.3474 0.291 0.33046 64060938.79 1525737599999 20855267.8506013 45899 29922663.51 9738982.2520135
1525737600000 0.33079 0.34559 0.3163 0.32213 45105012.01 1525823999999 14851982.5077905 36389 21315327.9 7019394.5523088
1525824000000 0.32213 0.32547 0.298 0.31884 60635549.24 1525910399999 18957201.2202262 40624 27673515.06 8653246.940531
1525910400000 0.31884 0.3221 0.291 0.29121 38210521.24 1525996799999 11849062.0616673 33669 16174022.91 5021601.9210781
1525996800000 0.29121 0.29349 0.28197 0.2875 20243144.84 1526083199999 5823452.8695814 11798 9149252.65 2628538.1961749
