1502928000000 4261.48 4485.39 4200.74 4285.08 795.150377 1503014399999 3454770.05073206 3427 616.248541 2678216.40060401
1503014400000 4285.08 4371.52 3938.77 4108.37 1199.888264 1503100799999 5086958.30617151 5233 972.86871 4129123.31651808
1503100800000 4108.37 4184.69 3850.0 4139.98 381.309763 1503187199999 1549483.73542151 2153 274.336042 1118001.87008735
1503187200000 4120.98 4211.08 4032.62 4086.29 467.083022 1503273599999 1930364.39032646 2321 376.795947 1557401.3337373
1503273600000 4069.13 4119.62 3911.79 4016.0 691.74306 1503359999999 2797231.71402728 3972 557.356107 2255662.55315837
1503360000000 4016.0 4104.82 3400.0 4040.0 966.684858 1503446399999 3752505.77214051 6494 423.995181 1637188.36934226
1503446400000 4040.0 4265.8 4013.89 4114.01 1001.136565 1503532799999 4148686.46581968 8629 309.419092 1293567.09519463
1503532800000 4147.0 4371.68 4085.01 4316.01 787.418753 1503619199999 3296476.41316476 6247 206.820412 868379.0641312
1503619200000 4316.01 4453.91 4247.48 4280.68 573.61274 1503705599999 2484637.34936327 6554 100.097974 434577.13574645
1503705600000 4280.71 4367.0 4212.41 4337.44 228.108068 1503791999999 977865.7333321 2260 56.190141 241363.80050245
1503792000000 4332.51 4400.0 4285.54 4310.01 350.692585 1503878399999 1521580.06202557 3670 101.651358 442442.17937215
1503878400000 4310.01 4399.82 4124.54 4386.69 603.841616 1503964799999 2591660.52579953 4349 142.787782 612364.20611134
1503964800000 4353.65 4625.85 4313.55 4587.48 603.545028 1504051199999 2682483.73582991 4159 143.442567 641982.02068658
1504051200000 4564.52 4647.51 4416.01 4555.14 808.468771 1504137599999 3683714.68666123 5551 196.062252 894620.23750883
1504137600000 4555.14 4745.42 4555.14 4724.89 556.956802 1504223999999 2579878.72401184 4161 131.947325 614342.53390234
1504224000000 4689.89 4885.55 4654.88 4834.91 560.666366 1504310399999 2665165.55924616 4000 118.660103 566254.43089734
1504310400000 4796.16 4939.19 4286.87 4472.14 929.148595 1504396799999 4257723.944817 7475 379.199863 1738334.08541735
1504396800000 4508.5 4714.76 4298.33 4509.08 691.216198 1504483199999 3121052.75230181 6022 258.934536 1169644.69159694
1504483200000 4505.0 4527.49 3972.51 4100.11 1394.644614 1504569599999 5909947.49008974 9317 578.600851 2460362.61291664
1504569600000 4106.97 4484.99 3603.0 4366.47 1228.938157 1504655999999 5083453.18675071 10084 533.476065 2214297.83961246
1504656000000 4366.49 4662.87 4335.26 4619.77 807.363726 1504742399999 3626346.05544323 7956 422.923063 1903231.7409154
1504742400000 4619.77 4788.59 4438.19 4691.61 500.429975 1504828799999 2305795.13638315 3070 240.683949 1111299.24357466
1504828800000 4691.66 4735.39 4028.93 4282.8 1132.255046 1504915199999 4866527.22639337 4733 465.962119 2004277.28941755
1504915200000 4282.8 4426.62 4150.06 4258.81 658.782952 1505001599999 2815383.46568698 3777 287.989805 1233627.00774409
1505001600000 4258.81 4283.0 3801.0 4130.37 660.373275 1505087999999 2700371.80819211 3435 291.786887 1193884.03650449
1505088000000 4153.62 4334.43 4098.91 4208.47 699.989065 1505174399999 2956842.76250147 4228 322.19833 1361869.71324406
1505174400000 4208.6 4394.59 4040.8 4163.72 879.630319 1505260799999 3725190.62328952 6501 451.78067 1911015.26637066
1505260800000 4159.72 4165.38 3760.0 3944.69 913.462545 1505347199999 3570365.92571669 5019 363.053413 1425986.44091325
1505347200000 3944.0 3993.0 3165.13 3189.02 1665.021543 1505433599999 5914261.40460825 9066 761.153976 2711572.43635069
1505433600000 3188.01 3856.0 2817.0 3700.0 1968.866492 1505519999999 6588767.18669446 10445 966.122245 3236325.66838306
1505520000000 3674.01 3950.0 3470.66 3714.95 1297.563953 1505606399999 4804878.24721283 8809 624.887842 2314536.03271908
1505606400000 3685.23 3748.21 3499.02 3699.99 682.17121 1505692799999 2466490.27859466 6355 273.931976 994843.63045949
1505692800000 3690.0 4123.2 3690.0 4035.01 1030.006455 1505779199999 4069033.05715863 8220 417.638722 1651863.37125876
1505779200000 4060.0 4089.97 3830.91 3910.04 902.332129 1505865599999 3558315.19743872 7342 257.320352 1016803.88177532
1505865600000 3910.04 4046.08 3820.0 3900.0 720.935076 1505951999999 2839584.45308804 7231 395.275138 1562210.14983916
1505952000000 3889.99 3910.0 3567.0 3609.99 1001.654084 1506038399999 3757043.07821264 8714 517.258926 1946238.63873747
1506038400000 3592.84 3750.0 3505.55 3595.87 838.966425 1506124799999 3031771.43292849 8152 511.059869 1848104.61254174
1506124800000 3595.88 3817.19 3542.91 3780.0 752.792791 1506211199999 2799706.99951511 8402 431.94671 1608679.14327472
1506211200000 3779.54 3789.99 3622.76 3660.02 661.63639 1506297599999 2445788.43620041 8724 290.93917 1077964.32638088
1506297600000 3660.02 3979.87 3653.69 3920.75 727.994713 1506383999999 2784170.85318322 9740 298.839159 1144089.17964881
1506384000000 3928.0 3976.99 3850.05 3882.35 526.727987 1506470399999 2061195.57868009 7971 225.570283 883925.0185633
1506470400000 3882.36 4249.94 3872.81 4193.0 628.170966 1506556799999 2554629.81447101 8373 348.083641 1418522.03112125
1506556800000 4192.11 4300.0 4101.0 4174.5 849.785325 1506643199999 3553178.87037354 11426 364.517452 1525467.35780567
1506643200000 4178.98 4263.86 3952.01 4174.69 1602.309565 1506729599999 6571746.35900076 14834 660.408235 2706153.81551434
1506729600000 4175.0 4380.0 4138.1 4378.51 720.353183 1506815999999 3088354.40084536 9324 292.966693 1258540.22252994
1506816000000 4378.49 4406.52 4240.04 4378.48 726.963685 1506902399999 3137143.89184457 9816 291.975904 1263465.86667018
1506902400000 4400.0 4561.63 4360.0 4380.0 655.756974 1506988799999 2905282.77570845 8185 289.541406 1286786.89051625
1506988800000 4380.0 4467.33 4180.8 4310.0 1082.323563 1507075199999 4627422.74283879 12379 492.735181 2107462.11039911
1507075200000 4314.9 4373.0 4142.0 4208.59 868.465101 1507161599999 3676415.10054891 11006 292.928777 1237552.36930596
1507161600000 4208.59 4355.0 4110.0 4292.43 779.138638 1507247999999 3295532.82397779 9158 351.042019 1483036.83360606
1507248000000 4318.99 4417.0 4292.0 4369.0 506.529176 1507334399999 2212035.12414239 6546 226.148177 988106.60264063
1507334400000 4369.0 4479.5 4312.56 4423.0 297.5975 1507420799999 1302533.21459281 4804 145.313076 637146.85809303
1507420800000 4425.0 4658.0 4425.0 4640.0 518.462004 1507507199999 2347356.46944654 7580 280.094854 1268660.82999198
1507507200000 4640.0 4889.98 4550.0 4786.95 646.463145 1507593599999 3040508.90436387 10372 350.756559 1654274.63749423
1507593600000 4786.95 4960.0 4680.59 4783.06 1043.221773 1507679999999 5044283.86347582 11967 678.832674 3289613.76073974
1507680000000 4783.06 4881.61 4710.0 4821.43 753.429396 1507766399999 3609240.90903919 5895 540.087975 2586977.71897445
1507766400000 4821.43 5439.99 4810.16 5430.0 1276.701482 1507852799999 6659759.29119366 8030 796.594719 4149667.59915114
1507852800000 5439.99 5846.17 5379.84 5649.98 1879.82762 1507939199999 10597340.30104987 11663 878.638077 4945786.36371635
1507939200000 5650.0 5900.0 5580.01 5869.99 970.759046 1508025599999 5533972.4859947 6259 433.794904 2472775.20446234
1508025600000 5855.03 5922.3 5400.01 5709.99 1343.523375 1508111999999 7553650.20132813 7452 601.422361 3384776.70651666
1508112000000 5710.0 5788.91 5585.19 5760.02 1528.996462 1508198399999 8701914.79553535 9153 719.218538 4096285.84717841
1508198400000 5760.0 5774.98 5508.63 5595.0 1429.869376 1508284799999 8041662.31881055 9755 688.766779 3874630.11789208
1508284800000 5595.0 5596.0 5037.95 5512.06 2317.804373 1508371199999 12456909.97604373 14824 1039.622475 5582555.96464678
1508371200000 5513.0 5710.0 5490.26 5683.9 1881.722107 1508457599999 10609368.77338359 11553 866.172234 4889254.26776489
1508457600000 5683.31 6110.0 5600.0 6010.01 1972.97722 1508543999999 11486552.1888066 11656 833.037457 4827682.43818362
1508544000000 6013.72 6171.0 5850.03 6024.97 1664.307693 1508630399999 10114821.44026351 10182 796.022575 4842552.09005084
1508630400000 6003.27 6060.0 5720.03 5950.02 1362.092216 1508716799999 8035415.37335629 8846 559.072342 3298113.25431534
1508716800000 5975.0 6080.0 5621.03 5915.93 1812.557715 1508803199999 10607190.98072695 10736 733.791079 4292971.67402233
1508803200000 5909.47 5925.0 5450.0 5477.03 2580.418767 1508889599999 14564495.85056032 13075 1128.826117 6369508.22114772
1508889600000 5506.92 5704.96 5286.98 5689.99 2282.813205 1508975999999 12544847.89154201 12026 1102.091326 6072831.20164732
1508976000000 5670.1 5939.99 5650.0 5861.77 1972.965882 1509062399999 11417126.63602561 11429 779.739997 4524676.60186949
1509062400000 5861.77 5980.0 5649.24 5768.83 1403.706416 1509148799999 8167069.73635031 8305 624.087409 3639525.74476665
1509148800000 5768.79 5850.02 5630.03 5719.64 1276.754412 1509235199999 7308076.01911184 8556 522.437128 2992463.28829385
1509235200000 5709.98 6189.88 5648.01 6169.98 1804.778173 1509321599999 10620967.62459168 10651 954.170196 5607341.71306722
1509321600000 6133.01 6248.68 6030.0 6120.5 1473.687043 1509407999999 9030219.28673499 9027 568.13297 3484470.96871416
1509408000000 6120.52 6498.01 6100.0 6463.0 1511.774925 1509494399999 9487640.8400991 12503 666.763568 4189144.86604943
1509494400000 6463.0 6774.67 6338.02 6753.98 1675.615188 1509580799999 10951171.07254041 16775 681.762424 4456444.95893702
1509580800000 6753.98 7300.0 6685.1 7019.98 2503.610803 1509667199999 17369001.33091877 20222 1152.043042 8002005.80575711
1509667200000 7010.31 7346.34 6923.0 7115.04 1891.497592 1509753599999 13614451.74654126 15375 790.186344 5689002.21482195
1509753600000 7115.02 7480.99 6901.0 7357.09 1399.191767 1509839999999 10064538.39659038 13395 638.387268 4597312.95311455
1509840000000 7357.27 7590.25 7279.02 7345.01 1207.83233 1509926399999 9000403.86573288 11090 540.675195 4027338.87761942
1509926400000 7345.1 7401.0 6906.0 6960.12 1763.019261 1510012799999 12673524.6216398 13525 730.003787 5258426.96569148
1510012800000 6981.72 7198.49 6901.0 7064.04 1440.259494 1510099199999 10173272.33780804 13132 591.187992 4181187.39303234
1510099200000 7070.0 7770.02 6651.0 7303.0 2822.298802 1510185599999 20491286.19840822 24381 1291.344472 9394534.42380506
1510185600000 7303.01 7392.0 7015.0 7079.99 1913.398308 1510271999999 13798534.34721742 13818 724.154878 5221300.62862515
1510272000000 7079.0 7279.91 6255.01 6506.98 3254.704105 1510358399999 22083345.18396158 18889 1565.261439 10594456.21115611
1510358400000 6503.0 6797.98 6100.0 6245.05 2754.156861 1510444799999 17681445.46474999 17840 1127.476148 7260382.61767693
1510444800000 6245.05 6630.0 5325.01 5811.03 4968.483069 1510531199999 29711508.60084671 31069 2267.410744 13607604.41635319
1510531200000 5839.94 6697.47 5699.99 6465.99 2621.243039 1510617599999 16498136.09913936 16165 1299.996919 8190123.54546063
1510617600000 6465.99 6684.98 6311.07 6574.99 1254.292531 1510703999999 8168729.97122799 10476 612.136202 3991112.7307127
1510704000000 6575.99 7298.0 6575.99 7240.06 1779.605845 1510790399999 12446186.45092821 10313 958.59199 6705958.0325874
1510790400000 7240.14 7940.0 7076.0 7864.5 2331.95675 1510876799999 17499577.25815967 14961 1196.410717 8973214.5702364
1510876800000 7876.98 7989.0 7451.0 7699.19 3982.395925 1510963199999 31024092.61951179 22012 1910.208237 14893068.96849563
1510963200000 7680.01 7819.99 7422.0 7761.94 3954.266477 1511049599999 30334498.31525712 18383 1891.340324 14512569.88845333
1511049600000 7761.94 8123.15 7650.33 8038.0 3867.340444 1511135999999 30322635.7689457 14897 2097.613346 16448877.84771707
1511136000000 8057.11 8319.99 7954.0 8212.0 3886.634348 1511222399999 31567135.38731295 20101 1816.366339 14741452.72913412
1511222400000 8212.49 8400.0 7801.0 8119.51 4544.474016 1511308799999 37074997.58090905 20798 2222.291215 18131894.11366924
1511308800000 8091.09 8322.68 8091.09 8205.92 3545.00571 1511395199999 29124078.47217724 14752 1823.860374 14992767.17647145
1511395200000 8233.03 8260.0 8000.0 8019.99 4093.952687 1511481599999 33400702.99957629 16625 2163.755131 17665030.24869222
1511481600000 8019.97 8369.0 7850.0 8138.0 4411.789112 1511567999999 35840264.45804051 19754 2166.425275 17613353.73937526
1511568000000 8138.99 8734.78 8090.0 8700.01 4292.623682 1511654399999 36093005.20140187 18632 2294.9233 19306904.20494265
1511654400000 8700.04 9350.0 8604.72 9128.02 4147.380237 1511740799999 37138533.83941873 19268 2035.291755 18226481.88953511
1511740800000 9128.0 9654.28 9112.04 9650.0 4521.625707 1511827199999 42961064.95202934 22806 2433.447575 23145323.64948013
1511827200000 9650.0 9939.0 9570.5 9896.8 4917.210985 1511913599999 48235644.0576554 18923 2431.138502 23851135.77284698
1511913600000 9896.79 11300.03 8520.0 9687.88 13352.538715 1511999999999 135976167.45757934 47894 8662.632362 88423971.28943045
1512000000000 9687.88 10900.0 8850.8 9838.96 9389.574329 1512086399999 91430904.34116387 41153 5360.660242 52384338.03597776
1512086400000 9837.0 10898.0 9380.0 10782.99 6134.923633 1512172799999 62260697.58291551 32375 3269.868588 33193672.16592109
1512172800000 10775.04 11190.0 10620.0 10890.01 4765.439757 1512259199999 52046689.84006951 29694 2390.194275 26111051.97904352
1512259200000 10902.69 11825.0 10500.0 11165.41 5346.636524 1512345599999 60350708.29332783 39335 2574.246187 29090180.16290429
1512345600000 11165.41 11600.0 10802.0 11579.0 4663.424562 1512431999999 52814985.63993067 32232 2516.855031 28512751.47162289
1512432000000 11571.03 11853.0 11447.68 11699.99 5550.732055 1512518399999 64721253.04527842 31317 3135.630565 36570499.65542363
1512518400000 11699.99 13615.23 11665.58 13550.05 6707.946319 1512604799999 84409526.69576178 40196 3830.098381 48223185.56586906
1512604800000 13541.01 16649.96 13050.0 16599.0 7487.065695 1512691199999 109555325.34649763 57541 3931.041376 57501459.77355417
1512691200000 16599.0 17204.99 14015.0 15880.0 17589.013136 1512777599999 271586476.6191431 84727 11950.291812 184080403.13797045
1512777600000 15880.01 16269.3 12535.0 14656.07 13918.758687 1512863999999 205372672.98786432 66738 7988.323023 118308773.57971703
1512864000000 14664.01 15720.12 12368.0 14899.98 16553.037173 1512950399999 233767963.46201488 80669 8736.869344 123176894.48606697
1512950400000 14946.26 17470.0 14901.08 16587.97 11820.401762 1513036799999 193045127.9036004 71373 5905.234633 96386375.05815984
1513036800000 16587.97 16976.45 15875.0 16349.99 9436.802411 1513123199999 155716213.09834388 76032 4395.051525 72561808.35535774
1513123200000 16349.99 16546.0 14666.56 16033.29 12416.328801 1513209599999 196769674.3115306 83847 6127.957739 97124627.48575148
1513209600000 16030.34 16445.0 15450.0 16334.98 11616.867151 1513295999999 186092495.1834846 86150 5999.075173 96150362.10506035
1513296000000 16334.98 17991.0 16298.45 17539.83 9181.273947 1513382399999 159809704.04408672 85478 4712.5784 81924043.94046211
1513382400000 17516.81 19539.0 17190.01 19102.66 4202.628709 1513468799999 76293721.36508314 51777 2308.847163 41958921.17812987
1513468800000 19120.19 19798.68 18510.0 18860.02 9177.183434 1513555199999 175867439.47045138 84581 4197.960835 80497172.92855518
1513555200000 18860.04 19300.0 17029.98 18856.25 10624.633071 1513641599999 196339245.74519795 91956 4690.302146 86666689.06405357
1513641600000 18856.25 18950.0 16300.0 17295.2 13210.74822 1513727999999 232790625.92336664 116569 5740.506184 101134115.92016459
1513728000000 17295.2 17720.35 14777.66 16488.98 13450.496693 1513814399999 221193892.5022389 129762 5732.664035 94404363.82531904
1513814400000 16480.52 17309.5 14022.0 15492.64 20324.2173 1513900799999 320176825.29037607 117731 11672.760789 184537677.7923892
1513900800000 15514.03 15699.34 10961.0 13326.61 36076.271175 1513987199999 477509934.7182865 243261 17556.682449 233435309.648319
1513987200000 13326.61 14950.0 12978.18 13300.0 13141.538875 1514073599999 184759685.33206666 135005 6547.667326 92098774.4608775
1514073600000 13300.0 13819.99 11640.0 13500.0 28557.534988 1514159999999 365709589.60302895 173557 15365.113545 196993097.07332075
1514160000000 13500.0 14300.0 12708.0 13699.34 15748.207607 1514246399999 213139657.62891454 116416 8834.650938 119703848.85962638
1514246400000 13699.34 16050.0 13533.0 15689.01 15034.668104 1514332799999 224843731.89656886 133133 8436.171298 125842113.78661472
1514332800000 15709.98 16498.05 14200.15 15459.99 14959.864723 1514419199999 231229932.48204058 142202 7843.419761 121346099.97221792
1514419200000 15459.97 15539.99 13150.0 14182.11 21717.858014 1514505599999 303401227.98652 178032 11431.787691 159795892.05003202
1514505600000 14199.14 14981.0 13850.0 14378.9 18072.008116 1514591999999 260911629.21807674 142100 10502.69575 151673949.96207923
1514592000000 14378.99 14398.85 11750.0 12440.01 19221.158039 1514678399999 247803953.75248587 190204 9530.51786 123372468.27892077
1514678400000 12345.1 14050.11 12149.98 13716.36 11768.989718 1514764799999 155283285.36704132 138893 6085.523277 80277167.6252944
1514764800000 13715.65 13818.55 12750.0 13380.0 8609.915844 1514851199999 114799747.44197057 105595 3961.938946 52809747.44038045
1514851200000 13382.16 15473.49 12890.02 14675.11 20078.092111 1514937599999 279717107.4337192 177728 11346.326739 158080088.68331683
1514937600000 14690.0 15307.56 14150.0 14919.51 15905.667639 1515023999999 236116868.3361901 162787 8994.953566 133587333.24534808
1515024000000 14919.51 15280.0 13918.04 15059.54 21329.649574 1515110399999 312781583.79830784 170310 12680.812951 186116793.01158932
1515110400000 15059.56 17176.24 14600.0 16960.39 23251.491125 1515196799999 369321956.4868375 192969 13346.622293 211829900.67898223
1515196800000 16960.39 17143.13 16011.21 17069.79 18571.457508 1515283199999 309216920.98641044 158242 11007.164056 183417769.06237718
1515283200000 17069.79 17099.96 15610.0 16150.03 12493.125558 1515369599999 206194706.37068352 120269 6779.320508 112151163.1274352
1515369600000 16218.85 16322.3 12812.0 14902.54 26600.609912 1515455999999 396569997.15746266 208642 13756.844389 206049582.13668823
1515456000000 14902.54 15500.0 14011.05 14400.0 14315.004253 1515542399999 210630187.45766863 156656 6841.233287 100698572.9000214
1515542400000 14401.0 14955.66 13131.31 14907.09 17411.001655 1515628799999 244011366.763028 161476 8529.554675 119570139.8064535
1515628800000 14940.0 14968.68 11400.0 13238.78 33554.723751 1515715199999 446587594.6937379 239416 16422.01998 218762237.37910992
1515715200000 13238.76 14109.78 12500.0 13740.01 16417.162137 1515801599999 222516076.27145907 134452 8117.312075 110040020.181478
1515801600000 13749.95 14580.0 13706.15 14210.0 12221.508528 1515887999999 173086488.54788405 123639 5574.178408 78958098.9463857
1515888000000 14210.0 14339.5 12569.2 13474.99 17017.894329 1515974399999 226525305.1293811 152364 8288.382911 110381556.67259862
1515974400000 13477.98 14249.99 13147.79 13539.93 14652.094705 1516060799999 200614554.538343 145362 7431.063272 101748315.63707082
1516060800000 13500.0 13542.93 9035.0 10900.0 63401.169175 1516147199999 722150828.1494025 418243 30353.401717 346777069.93374634
1516147200000 10899.99 11680.99 9037.94 10988.79 72331.796646 1516233599999 744154180.1312059 517293 35412.798137 365047291.4303791
1516233600000 10972.59 11878.82 10435.33 10961.97 48464.434937 1516319999999 541289614.0584046 393112 23814.382845 266091805.66522688
1516320000000 10960.0 11795.0 10360.0 11474.98 34129.375421 1516406399999 382773499.2265792 273271 16871.416355 189259676.89222243
1516406400000 11474.98 13099.0 11412.45 12799.94 28768.857827 1516492799999 358561107.78097045 251647 14389.196005 179183657.90470728
1516492800000 12799.8 12799.8 10965.0 11530.0 41379.773426 1516579199999 485289230.8188924 360207 20574.760061 241154449.98183498
1516579200000 11530.0 11926.35 9900.24 10760.05 43752.606791 1516665599999 475716514.208697 363264 21300.575828 231677479.12562197
1516665600000 10760.05 11399.0 9905.0 10799.18 37473.922552 1516751999999 399419413.2329807 355286 18747.793828 199899519.27329972
1516752000000 10799.14 11570.48 10500.0 11349.99 27158.587762 1516838399999 299470607.4302002 293429 13087.393088 144335221.62540218
1516838400000 11349.96 11794.05 10950.21 11175.27 20839.954183 1516924799999 236081364.9736523 221040 10201.386919 115584688.24733494
1516924800000 11184.7 11643.0 10311.15 11089.0 33056.87196 1517011199999 360482470.1737543 314720 15330.789553 167328952.39330244
1517011200000 11089.0 11650.0 10842.69 11491.0 18860.768345 1517097599999 212663199.53348225 207478 9208.937963 103935891.79616304
1517097600000 11499.98 12244.0 11408.0 11879.95 16887.339524 1517183999999 200211582.94345406 206247 7342.786997 87011013.8320475
1517184000000 11879.95 11975.02 11139.55 11251.0 14170.377538 1517270399999 162110154.87880376 169199 6016.496871 68819972.52308752
1517270400000 11250.11 11308.42 9900.0 10237.51 25554.372946 1517356799999 268978329.50861526 259212 11388.096419 119864289.07103088
1517356800000 10230.0 10425.85 9700.0 10285.1 18015.956805 1517443199999 181644207.1131626 201422 8782.584442 88609272.64228792
1517443200000 10285.1 10335.0 8750.99 9224.52 33564.764311 1517529599999 317636345.9843711 316020 15430.003849 146130725.8704748
1517529600000 9224.52 9250.0 8010.02 8873.03 49971.626975 1517615999999 434236483.7044874 453411 23113.503584 201292749.51509914
1517616000000 8873.03 9473.01 8229.0 9199.96 28725.000735 1517702399999 256834729.0599109 327519 14182.838146 127068644.49604894
1517702400000 9199.96 9368.0 7930.0 8184.81 32014.308449 1517788799999 274912288.421322 356134 13805.29579 118884553.20936234
1517788800000 8179.99 8382.8 6625.0 6939.99 63403.182579 1517875199999 471166218.7134473 533510 29857.35839 222022401.01692358
1517875200000 6939.63 7878.0 6000.01 7652.14 100201.500307 1517961599999 684364276.3666689 785996 49565.020794 339117633.4088549
1517961600000 7655.02 8476.0 7150.01 7599.0 60778.460497 1518047999999 477935038.81177694 514893 30084.836266 237137973.45313892
1518048000000 7599.0 7844.0 7572.09 7784.02 1521.537318 1518134399999 11770168.04386595 12417 844.258813 6532638.63751892
1518134400000 7789.9 8738.0 7789.9 8683.92 20482.910825 1518220799999 173348469.81187892 273091 10404.040792 88117562.12096503
1518220800000 8683.93 9065.78 8120.0 8533.98 49381.512653 1518307199999 423411421.93098 537578 24506.723294 210253734.38065454
1518307200000 8533.99 8549.0 7726.53 8063.88 45025.187952 1518393599999 366966437.24988854 524626 23180.34192 188849914.34995836
1518393600000 8063.82 8989.0 8053.0 8903.0 41987.85049 1518479999999 362440826.9943769 477660 20916.949742 180528457.55458465
1518480000000 8903.0 8950.0 8351.0 8539.9 35454.972956 1518566399999 305165143.6969234 401893 16558.45568 142530987.43930227
1518566400000 8535.17 9489.6 8533.0 9449.99 40811.952867 1518652799999 370126692.72823304 514897 20508.463444 185896385.02591053
1518652800000 9449.98 10219.5 9301.5 10000.09 52427.596715 1518739199999 512388484.73178285 608349 25805.098892 252255267.8835685
1518739200000 10000.89 10323.37 9666.0 10159.98 38161.205974 1518825599999 381103299.2238848 405310 18313.004466 182947133.88868243
1518825600000 10156.07 11075.07 10050.0 11039.55 41882.108407 1518911999999 446012696.16926724 413585 21147.624789 225229265.72563553
1518912000000 11039.55 11274.0 10080.0 10383.43 61137.380728 1518998399999 649423311.3100227 537534 29593.863774 314511909.4893312
1518998400000 10375.01 11250.0 10270.33 11153.0 40831.417131 1519084799999 443766562.68306607 366882 20619.877129 224193685.43795273
1519084800000 11147.11 11786.01 11100.59 11200.99 48153.354288 1519171199999 551573232.2429588 432197 24211.49181 277480902.0141192
1519171200000 11195.07 11304.03 10200.0 10437.6 68113.818754 1519257599999 731537130.4921861 542340 32338.074002 347436564.666544
1519257600000 10439.02 10933.44 9679.0 9811.04 67060.166483 1519343999999 682006373.869588 506273 33029.297624 336067441.6325065
1519344000000 9815.55 10435.0 9570.19 10131.04 57202.70237 1519430399999 571800753.4709765 467480 28031.011368 280171693.07297117
1519430400000 10131.04 10496.97 9352.0 9694.51 40888.156299 1519516799999 405618586.64803785 337918 18646.870961 185164883.4517175
1519516800000 9694.51 9847.0 9274.8 9590.0 28373.517586 1519603199999 271286599.1260862 233567 13956.661533 133525539.44882146
1519603200000 9590.0 10444.32 9350.0 10324.0 34878.292756 1519689599999 347559259.73845184 285276 17045.768706 169936003.38761607
1519689600000 10321.0 10870.0 10121.0 10569.04 30705.385123 1519775999999 324295371.1414657 240542 15187.083738 160450471.4557678
1519776000000 10584.33 11098.0 10300.0 10326.76 30800.983782 1519862399999 327914696.13067526 277886 14412.84633 153537202.10196504
1519862400000 10325.64 11060.41 10240.0 10920.0 25092.55393 1519948799999 268172535.3811293 230428 12785.4045 136788817.23158327
1519948800000 10923.36 11200.0 10770.0 11039.0 23910.71009 1520035199999 262936307.00785756 211691 11893.333632 130864918.8230748
1520035200000 11038.99 11544.0 11015.01 11464.48 21287.15328 1520121599999 241749497.90247172 190444 10842.682784 123142920.22314858
1520121600000 11464.47 11565.0 11050.02 11515.0 17295.918653 1520207999999 194849579.12502074 168359 8197.401595 92437014.46393473
1520208000000 11515.0 11710.0 11415.01 11454.0 15144.231063 1520294399999 174866951.39806527 164318 7668.823714 88588986.3365785
1520294400000 11455.0 11455.0 10555.48 10716.48 29515.572363 1520380799999 323842216.64859617 250306 13482.297196 147874120.62232068
1520380800000 10716.48 10899.0 9389.31 9910.0 50647.67108 1520467199999 514808033.4879209 396721 24022.451231 244164771.36009568
1520467200000 9910.0 10099.0 9060.0 9271.64 41109.473226 1520553599999 394641280.63843673 336514 20257.455838 194608716.93503922
1520553600000 9267.07 9410.0 8329.0 9227.0 64112.291407 1520639999999 567082901.1319405 462712 31166.414848 275735446.01075995
1520640000000 9230.0 9490.0 8667.07 8770.22 37180.012857 1520726399999 341210248.41481787 288066 17639.827276 161991786.13432977
1520726400000 8770.22 9740.0 8450.0 9533.57 44325.973386 1520812799999 403491260.9275316 333367 21150.206944 192897625.61146572
1520812800000 9533.57 9888.88 8780.0 9131.34 42230.77793 1520899199999 395562731.8650373 336642 19369.697756 181454623.85622355
1520899200000 9131.34 9474.0 8823.0 9150.0 40191.409358 1520985599999 367353984.7132836 342734 19856.457047 181534440.7752947
1520985600000 9151.92 9333.78 7900.28 8170.0 49708.094108 1521071999999 426058009.75594646 399127 22883.329725 196344166.24842268
1521072000000 8184.01 8430.0 7650.0 8240.98 52291.022277 1521158399999 422130717.47310126 400529 26414.160251 213358245.6744019
1521158400000 8240.98 8611.64 7900.0 8260.0 38815.409893 1521244799999 322355002.1651949 255807 20049.433993 166563494.40168038
1521244800000 8260.0 8348.62 7721.99 7824.8 33110.206329 1521331199999 265973111.61762854 292041 15677.257361 125987772.43325073
1521331200000 7824.01 8317.4 7322.0 8189.99 59488.231711 1521417599999 458311733.5188204 423336 28216.510794 217530802.6198248
1521417600000 8189.0 8705.23 8088.4 8600.0 55297.084942 1521503999999 462654338.98212785 360414 27263.324764 228208487.54690212
1521504000000 8595.01 9050.0 8280.0 8909.98 44865.105835 1521590399999 387879393.47061425 298261 22849.035238 197422831.30082303
1521590400000 8909.96 9177.01 8750.6 8885.0 39972.405371 1521676799999 358157473.3612324 293696 19047.486799 170758402.39723507
1521676800000 8884.82 9100.0 8465.1 8722.9 40617.556809 1521763199999 354804129.3433086 276449 19567.563618 171050710.21250018
1521763200000 8720.0 8909.0 8269.0 8898.03 39991.007666 1521849599999 340755592.544531 278571 20106.789387 171487640.92907605
1521849600000 8898.04 8999.95 8491.0 8546.86 35466.609572 1521935999999 313254829.9051367 270300 17302.10809 152967779.86486968
1521936000000 8531.25 8669.85 8365.77 8470.15 29001.769316 1522022399999 247023172.30795503 215660 14379.264362 122528263.982816
1522022400000 8470.14 8514.89 7831.0 8134.23 44033.59566 1522108799999 358429758.87319523 310462 20957.25692 170723432.32235476
1522108800000 8134.22 8215.94 7730.0 7795.51 37427.64805 1522195199999 297609656.44043654 266540 18462.382105 146860645.03540614
1522195200000 7795.51 8109.0 7728.0 7949.3 26401.33167 1522281599999 209186093.18317956 183620 13685.417143 108484584.61222105
1522281600000 7949.3 7975.0 6941.11 7090.14 54620.915125 1522367999999 405591158.6323181 359537 24584.811548 182402558.21113956
1522368000000 7090.16 7292.43 6600.1 6840.23 65306.031976 1522454399999 450352009.170998 400057 31944.390579 220453635.6071132
1522454400000 6840.24 7223.36 6777.0 6923.91 36868.539087 1522540799999 258341534.47236216 240293 19086.033607 133763988.34700295
1522540800000 6922.0 7049.98 6430.0 6813.01 44071.430463 1522627199999 297470498.81956285 260942 21899.30066 147951173.82212943
1522627200000 6813.01 7125.0 6765.0 7056.0 32123.560072 1522713599999 224322159.41331607 206780 16365.683591 114292405.85810466
1522713600000 7063.97 7520.0 7011.01 7405.21 37787.331811 1522799999999 277080072.76171273 248143 19218.850485 140892233.113676
1522800000000 7405.21 7427.52 6707.0 6796.1 42227.183804 1522886399999 297443582.7461225 277249 20299.402203 142890978.60995668
1522886400000 6796.1 6902.0 6566.69 6770.76 39029.73146 1522972799999 263446941.1321242 238476 18991.102712 128270766.86646058
1522972800000 6770.0 6850.0 6500.0 6601.39 27455.01192 1523059199999 182139799.80865908 162456 13778.063462 91424043.79892384
1523059200000 6601.39 7070.0 6586.28 6895.8 32269.578267 1523145599999 222323863.54144785 178577 16460.736226 113334533.85269153
1523145600000 6895.81 7109.13 6880.0 7018.0 21427.673165 1523231999999 149967346.66268998 152461 11211.615946 78468498.47255658
1523232000000 7011.04 7185.0 6611.0 6782.72 34078.297206 1523318399999 234309953.75033435 212669 17046.428596 117289580.04655164
1523318400000 6781.55 6890.0 6656.0 6843.9 22326.728095 1523404799999 151417844.2663968 147755 11456.447936 77704393.55925176
1523404800000 6839.56 6990.0 6787.0 6953.79 23997.871177 1523491199999 165264003.41270605 155607 12530.65891 86309556.51736282
1523491200000 6953.78 8012.23 6743.2 7923.0 64861.595987 1523577599999 485176252.4893357 404588 33198.867785 248243486.4673706
1523577600000 7922.99 8233.39 7732.0 7877.41 55044.523148 1523663999999 439884522.7119489 351905 27485.083044 219615109.06229925
1523664000000 7877.48 8186.0 7810.0 7999.01 31621.286357 1523750399999 252868761.3206163 194500 16283.466045 130249061.31563611
1523750400000 8004.0 8429.54 7999.02 8355.0 27946.720444 1523836799999 230287099.5843022 181778 14619.464101 120469031.17164706
1523836800000 8355.07 8419.0 7867.0 8064.92 36664.069715 1523923199999 295817536.47495276 226748 17912.938455 144490340.31244087
1523923200000 8064.92 8173.7 7825.4 7885.02 32152.603567 1524009599999 258221765.57371348 221228 15662.79502 125845498.64315926
1524009600000 7890.96 8236.43 7868.0 8173.0 26969.04457 1524095999999 217649160.11017892 183472 14559.152289 117565317.94569089
1524096000000 8173.99 8296.0 8080.0 8278.0 27113.847464 1524182399999 222675105.7884542 196821 13747.595928 112939221.70278835
1524182400000 8273.84 8930.0 8177.09 8856.98 39795.337485 1524268799999 337288580.42571294 289687 21087.903673 178802594.3551453
1524268800000 8852.12 9035.0 8565.0 8915.31 40872.229909 1524355199999 358915978.1040339 295374 21145.842391 185753264.88447422
1524355200000 8915.31 9020.67 8727.68 8787.02 29458.25348 1524441599999 261804372.9093471 229871 14937.899116 132830238.35538778
1524441600000 8785.7 8985.0 8745.0 8934.01 25838.114709 1524527999999 229754640.59668776 190944 13246.605059 117823053.82786416
1524528000000 8934.0 9731.01 8922.0 9619.99 46268.790106 1524614399999 431210048.0625035 326608 24784.71044 231061865.2931042
1524614400000 9618.96 9759.82 8730.0 8869.99 81110.037589 1524700799999 745137762.968867 477363 38824.013806 356851505.69270617
1524700800000 8869.99 9307.48 8651.62 9266.0 43300.304245 1524787199999 385046648.13786614 285850 22640.669137 201458888.2401515
1524787200000 9267.03 9395.0 8889.0 8915.35 37241.347036 1524873599999 342805674.55176014 268471 18517.604275 170503662.7235787
1524873600000 8915.35 9427.48 8870.0 9348.0 34759.62842 1524959999999 321653866.2001887 257288 18251.631451 169069669.9073968
1524960000000 9348.0 9570.51 9163.74 9419.0 38149.850035 1525046399999 357004895.9636863 311494 19364.945182 181366653.81958613
1525046400000 9417.04 9458.64 9124.99 9246.01 35002.033875 1525132799999 325019389.2499412 285951 17461.189029 162179073.43816054
1525132800000 9246.01 9248.99 8800.49 9071.48 41018.463633 1525219199999 368688349.62168455 268741 20050.167844 180200005.01267993
1525219200000 9071.48 9268.0 8970.2 9247.84 26123.543961 1525305599999 238421833.7581133 188258 13960.455528 127439644.78329857
1525305600000 9247.81 9844.0 9168.4 9750.0 38768.388288 1525391999999 366028365.22714454 282581 21093.140343 199234352.40239447
1525392000000 9750.0 9830.04 9520.85 9713.99 28681.588879 1525478399999 277565997.63316435 210165 14779.499554 143070410.02237806
1525478400000 9714.0 10020.0 9682.0 9864.0 24990.018345 1525564799999 246807563.50646493 212076 13011.844293 128527642.99648473
1525564800000 9863.99 9970.0 9417.03 9659.01 27690.351559 1525651199999 267359420.30359015 229309 13297.506959 128427770.52523223
1525651200000 9661.02 9689.67 9181.0 9365.0 33787.640012 1525737599999 316015961.44182944 230754 15818.0488 147985335.4458844
1525737600000 9365.0 9475.7 9060.54 9187.56 25533.831889 1525823999999 236418155.6869351 189159 13086.547467 121220083.42296955
1525824000000 9178.0 9390.0 8965.0 9310.0 25673.524899 1525910399999 235736782.28825977 192337 13597.268159 124869560.73820229
1525910400000 9310.0 9395.12 8970.0 9002.2 25055.063718 1525996799999 231595002.59561664 221075 12548.13816 116002381.57104652
1525996800000 9002.21 9006.99 8850.0 8942.03 6672.08627 1526083199999 59504056.87695791 55204 3493.393014 31167326.58916101
