1508457600000 0.667 4.9 0.667 0.98474 8.994 1508543999999 8.75817773 14 4.574 4.57363773
1508544000000 0.97 0.98318 0.94583 0.97691 21.05 1508630399999 20.24663165 27 10.02 9.73705958
1508630400000 0.9052 0.98239 0.9052 0.94823 37.973 1508716799999 35.22968277 40 16.554 15.47340965
1508716800000 0.92184 1.10114 0.92184 0.99466 60.687 1508803199999 62.49680165 46 41.127 41.98483723
1508803200000 0.95 1.00643 0.92385 0.975 32.015 1508889599999 30.88279132 43 18.324 17.92140804
1508889600000 1.05771 1.05771 0.95011 1.04969 3.291 1508975999999 3.33959673 9 1.231 1.29218418
1508976000000 1.0433 1.04587 0.95 0.95003 10.486 1509062399999 10.15102046 13 1.8 1.878711
1509062400000 0.95003 0.95003 0.93008 0.93008 13.606 1509148799999 12.90579509 13 0.0 0.0
1509148800000 0.93482 0.96 0.9266 0.9266 10.51 1509235199999 9.89073827 15 1.104 1.03417
1509235200000 0.9476 0.95 0.90718 0.91992 8.021 1509321599999 7.44660918 17 4.361 4.11037211
1509321600000 0.91991 0.94998 0.90473 0.91976 37.289 1509407999999 34.94660987 21 21.459 20.0236401
1509408000000 0.91917 0.94289 0.9043 0.9043 16.102 1509494399999 14.8040115 23 7.492 6.88734414
1509494400000 0.90101 0.94244 0.901 0.94244 50.83 1509580799999 46.13670328 19 36.625 33.32559273
1509580800000 0.93848 0.95 0.90004 0.93998 216.008 1509667199999 195.00680666 129 12.066 11.3021505
1509667200000 0.93922 0.93922 0.88888 0.89364 71.626 1509753599999 64.55851526 54 20.008 18.03517763
1509753600000 0.917 0.93851 0.90086 0.93821 23.046 1509839999999 21.40560836 42 14.226 13.30626375
1509840000000 0.92822 0.93723 0.90259 0.92769 64.951 1509926399999 59.66792049 27 0.071 0.06634299
1509926400000 0.91266 0.92691 0.91 0.92691 46.345 1510012799999 42.40147163 41 4.299 3.96200768
1510012800000 0.92576 1.07101 0.92494 1.07101 23.329 1510099199999 23.11175947 54 14.405 14.26501332
1510099200000 1.05908 1.1028 0.9621 1.0 191.512 1510185599999 198.21449056 112 48.695 51.40964914
1510185600000 1.02 1.13094 0.99999 1.0003 116.178 1510271999999 121.07706135 142 73.34 77.12918564
1510272000000 1.00043 1.15 1.00041 1.05131 88.643 1510358399999 94.94401128 107 58.187 62.90170791
1510358400000 1.149 1.22504 1.0512 1.07001 97.564 1510444799999 109.19579787 125 35.306 39.58139695
1510444800000 1.08181 1.89119 1.0695 1.7588 2319.225 1510531199999 3189.9937989 2033 914.567 1283.51014262
1510531200000 1.76001 1.88919 1.25 1.338 771.672 1510617599999 1093.07561227 744 222.939 316.95495592
1510617600000 1.33079 1.39235 1.20167 1.23119 178.681 1510703999999 230.33350388 225 56.768 73.07635946
1510704000000 1.2411 1.36311 1.24071 1.25102 171.704 1510790399999 221.97903968 113 98.865 128.83714754
1510790400000 1.25102 1.34872 1.2411 1.29817 202.206 1510876799999 255.44445099 200 133.388 168.93429918
1510876800000 1.29817 1.31251 1.21101 1.29205 338.313 1510963199999 430.03702747 228 201.235 259.18859538
1510963200000 1.2771 1.47 1.27019 1.27019 238.102 1511049599999 321.04166177 338 147.434 198.54743711
1511049600000 1.29681 1.35807 1.19908 1.235 127.103 1511135999999 157.10327556 279 82.44 101.81595043
1511136000000 1.22986 1.6 1.2 1.47922 374.147 1511222399999 521.40802129 1101 140.267 197.04357615
1511222400000 1.479 1.536 1.24051 1.35157 554.077 1511308799999 759.34531261 939 205.194 282.56785985
1511308800000 1.38 1.6 1.35283 1.51301 613.687 1511395199999 920.42380981 989 306.258 461.44519795
1511395200000 1.51149 1.54646 1.3289 1.3673 307.538 1511481599999 435.55622164 634 129.918 182.22797353
1511481600000 1.36735 1.41691 1.18815 1.19035 174.541 1511567999999 223.64517145 504 84.654 107.8702595
1511568000000 1.19035 1.4 1.19035 1.36871 224.766 1511654399999 292.48535704 749 103.451 133.3556847
1511654400000 1.38588 1.42 1.32023 1.32522 191.388 1511740799999 261.90472825 512 78.34 107.56899142
1511740800000 1.32522 1.36692 1.27001 1.31994 149.465 1511827199999 195.51445627 526 54.415 71.62920845
1511827200000 1.31994 1.36884 1.27005 1.31007 205.891 1511913599999 270.39067596 413 78.146 102.76299548
1511913600000 1.31007 1.65005 1.28896 1.583 626.597 1511999999999 919.43938666 1582 244.245 358.07020193
1512000000000 1.583 1.86872 1.51601 1.7387 1090.546 1512086399999 1885.8172606 1624 362.421 627.66183816
1512086400000 1.75584 1.81703 1.65006 1.70001 6867.606 1512172799999 11772.23812682 4417 4305.623 7378.20704136
1512172800000 1.70562 1.7093 1.63404 1.675 6915.912 1512259199999 11529.12520353 4419 4098.676 6833.28522968
1512259200000 1.67585 1.68569 1.60002 1.6526 7813.023 1512345599999 12926.05814427 5082 3686.266 6103.60835758
1512345600000 1.65467 1.66217 1.60055 1.64195 4799.649 1512431999999 7888.7689869 3253 3984.135 6554.707187
1512432000000 1.64195 1.67365 1.6 1.62642 4611.042 1512518399999 7532.6115829 3522 2804.03 4585.66707904
1512518400000 1.62633 1.70997 1.57295 1.60001 8044.46 1512604799999 13129.75579289 6146 4587.976 7484.91004894
1512604800000 1.60798 1.65036 1.53001 1.61681 5543.549 1512691199999 8869.77782753 5703 3065.929 4911.1258304
1512691200000 1.59746 1.69989 1.50001 1.57583 5375.276 1512777599999 8590.34175529 7422 1900.476 3041.89703259
1512777600000 1.57583 1.62488 1.47614 1.53284 5897.395 1512863999999 9185.80912059 5591 2288.283 3567.66742657
1512864000000 1.52288 1.58984 1.48025 1.55211 3302.08 1512950399999 5037.20288657 3757 1242.965 1899.52634184
1512950400000 1.56098 1.6 1.48 1.48001 3887.433 1513036799999 6029.23201681 4258 1374.829 2138.21190356
1513036800000 1.48748 1.593 1.23477 1.44348 5009.016 1513123199999 7227.49446187 5657 1969.615 2852.43561633
1513123200000 1.44348 1.54222 1.23328 1.25852 5496.317 1513209599999 7314.75495588 6355 1955.224 2612.64148924
1513209600000 1.26083 1.40683 1.186 1.37 5736.473 1513295999999 7410.65821726 6505 2092.948 2719.47730751
1513296000000 1.3726 1.4174 1.27378 1.32316 4819.44 1513382399999 6413.49679031 5470 2027.661 2711.18937647
1513382400000 1.31803 1.4476 1.26139 1.4476 4989.038 1513468799999 6542.99366257 5405 1854.67 2436.34490393
1513468800000 1.44866 1.64314 1.41013 1.53001 5582.452 1513555199999 8446.74229395 7705 2104.75 3184.33623112
1513555200000 1.50987 1.55489 1.4 1.46001 4600.58 1513641599999 6789.06608132 5919 1603.612 2373.08145862
1513641600000 1.46001 1.5193 1.37214 1.41164 3880.103 1513727999999 5543.7157329 6037 1309.837 1876.55200866
1513728000000 1.41164 1.988 1.39186 1.82311 3938.64 1513814399999 6752.40723008 8980 1992.753 3395.2426902
1513814400000 1.82312 2.4889 1.66 1.71078 2748.028 1513900799999 4909.70106448 7518 1119.143 2018.49222299
1513900800000 1.71078 1.88997 1.4 1.74 3694.994 1513987199999 6183.55834332 7025 1268.993 2133.9330151
1513987200000 1.7401 1.77976 1.63298 1.71294 1321.54 1514073599999 2257.88635444 4006 610.126 1046.22590641
1514073600000 1.71334 1.73272 1.65617 1.66001 933.858 1514159999999 1579.74760376 2631 409.678 693.90623473
1514160000000 1.66804 1.68077 1.52011 1.54808 951.244 1514246399999 1513.52699117 2460 316.881 503.97663155
1514246400000 1.54807 1.61999 1.51 1.57791 817.139 1514332799999 1266.26350137 3004 370.547 575.69009764
1514332800000 1.57791 1.61413 1.52 1.52702 836.485 1514419199999 1303.52532198 2838 379.508 593.42392209
1514419200000 1.53574 1.56212 1.455 1.5564 2134.245 1514505599999 3183.02731656 3863 751.083 1125.67822852
1514505600000 1.53912 1.56 1.42532 1.48609 954.828 1514591999999 1421.18015138 3328 405.755 603.78198834
1514592000000 1.4862 1.49805 1.00002 1.3794 2973.923 1514678399999 4102.33156456 5050 1149.786 1607.90084158
1514678400000 1.37835 1.44899 1.33079 1.3597 1302.034 1514764799999 1798.99254734 3909 535.565 742.01336259
1514764800000 1.36498 1.36999 1.32512 1.3417 860.493 1514851199999 1160.77227618 2711 456.895 617.14049374
1514851200000 1.34907 1.41526 1.2 1.34695 2223.507 1514937599999 2881.86155046 6312 950.127 1236.17337594
1514937600000 1.34694 1.38888 1.1565 1.19564 1638.394 1515023999999 2068.2465567 5432 864.07 1091.46775971
1515024000000 1.1956 1.36998 1.05027 1.17845 4321.778 1515110399999 5109.3949517 9956 1881.032 2231.26218373
1515110400000 1.17843 1.21999 0.96054 1.11114 2648.468 1515196799999 2993.68167953 8218 1021.056 1165.02277694
1515196800000 1.11114 1.18896 1.07812 1.151 2105.52 1515283199999 2403.31349174 5387 950.289 1088.17124144
1515283200000 1.13645 1.18001 1.03 1.03302 1990.53 1515369599999 2207.07900524 5291 852.516 947.71144885
1515369600000 1.0346 1.04902 0.857 0.94871 1896.387 1515455999999 1845.88623854 4678 746.058 728.45624702
1515456000000 0.94871 0.94871 0.82058 0.84835 2284.189 1515542399999 2042.42317227 4847 1042.8 932.83912828
1515542400000 0.84833 0.99999 0.74589 0.87822 3850.94 1515628799999 3134.04559549 5970 1633.177 1328.20459591
1515628800000 0.87844 0.88 0.81133 0.87126 1946.529 1515715199999 1647.2642375 4714 775.437 656.72464753
1515715200000 0.87129 0.88366 0.81113 0.82907 1791.325 1515801599999 1500.55712934 3346 757.134 636.78402042
1515801600000 0.82925 0.85852 0.75627 0.78433 1249.258 1515887999999 1012.65402944 3818 610.351 496.04704919
1515888000000 0.78462 0.80706 0.7348 0.73494 1258.327 1515974399999 970.14525551 2928 523.11 404.96455123
1515974400000 0.73496 0.77995 0.65 0.71904 1631.599 1516060799999 1219.69972611 3586 795.452 596.62405856
1516060800000 0.71984 0.78998 0.68256 0.72042 3937.212 1516147199999 2906.10331552 7047 2135.855 1575.02584986
1516147200000 0.72054 0.81976 0.70102 0.78498 3071.664 1516233599999 2386.20076911 6571 1466.678 1144.6827972
1516233600000 0.78498 0.85 0.77 0.81505 2467.153 1516319999999 1989.99127814 6038 1030.35 833.41065967
1516320000000 0.819 0.82471 0.78591 0.81619 1453.974 1516406399999 1170.93491365 3351 671.356 541.2324718
1516406400000 0.81619 0.8394 0.795 0.804 1764.626 1516492799999 1436.26029084 4291 758.881 617.03075336
1516492800000 0.804 0.81843 0.76393 0.77996 1481.139 1516579199999 1163.09988371 2690 681.921 537.29092926
1516579200000 0.77996 0.78906 0.75201 0.75931 1100.643 1516665599999 849.12838404 2640 517.11 399.91758804
1516665600000 0.76311 0.78996 0.74102 0.77261 877.822 1516751999999 675.1717934 2384 458.268 353.19858756
1516752000000 0.76794 0.77245 0.72977 0.74107 1804.158 1516838399999 1347.06191407 3497 735.64 549.93213203
1516838400000 0.74095 0.7647 0.73725 0.75077 1443.513 1516924799999 1083.39026142 3188 736.639 553.63997837
1516924800000 0.7539 0.76473 0.73195 0.74325 1095.982 1517011199999 817.56406448 2086 537.202 401.37916335
1517011200000 0.74323 0.74341 0.69073 0.69961 1319.804 1517097599999 939.28025963 2727 590.466 419.25221649
1517097600000 0.69925 0.70349 0.63816 0.65833 1154.401 1517183999999 768.40549525 2785 591.348 393.94734688
1517184000000 0.65833 0.6699 0.62601 0.65317 1439.327 1517270399999 933.54689837 2812 755.047 490.34299934
1517270400000 0.65317 0.67574 0.62566 0.63455 1349.52 1517356799999 874.53798375 3021 720.176 467.4221791
1517356800000 0.63399 0.64 0.611 0.62647 1225.009 1517443199999 767.18841346 2574 592.831 371.23793633
1517443200000 0.62436 0.63021 0.13001 0.597 2604.963 1517529599999 1498.32949371 4327 1443.053 833.14081183
1517529600000 0.59759 0.6468 0.542 0.64267 2666.706 1517615999999 1608.77930273 5665 1283.03 775.9121006
1517616000000 0.64266 0.6586 0.61104 0.65411 1461.253 1517702399999 935.24832585 3849 695.248 446.60323068
1517702400000 0.65688 0.67782 0.643 0.658 1142.056 1517788799999 756.34736486 3638 577.323 382.96287929
1517788800000 0.65543 0.6779 0.63199 0.64726 1232.881 1517875199999 805.93192424 2733 563.056 369.0715883
1517875200000 0.64491 0.69428 0.633 0.66833 1960.544 1517961599999 1294.93990004 4571 1005.058 666.20771718
1517961600000 0.66832 0.699 0.65401 0.68507 1132.778 1518047999999 768.60817986 3536 538.683 366.5013354
1518048000000 0.68578 0.69843 0.68271 0.68271 62.854 1518134399999 42.97419081 162 3.019 2.0923122
1518134400000 0.68789 0.73799 0.68789 0.72342 759.035 1518220799999 545.76089191 2205 402.099 288.80424344
1518220800000 0.72565 0.75 0.72304 0.74198 1075.547 1518307199999 791.30710217 2933 520.609 383.18138286
1518307200000 0.74199 0.752 0.70158 0.71105 1021.026 1518393599999 734.83975898 2596 530.323 382.27402101
1518393600000 0.71105 0.78004 0.70515 0.71636 618.275 1518479999999 446.6330886 2085 339.819 247.11102902
1518480000000 0.7194 0.72849 0.7007 0.70078 532.158 1518566399999 379.07191719 1953 267.339 190.75223262
1518566400000 0.70568 0.777 0.70079 0.73336 1563.845 1518652799999 1155.68915753 4814 799.356 591.11876712
1518652800000 0.73346 0.75999 0.71919 0.75127 1122.322 1518739199999 830.20522485 4897 529.789 392.16668022
1518739200000 0.74794 0.77 0.72508 0.73866 1035.757 1518825599999 769.14231241 4019 457.942 341.20613622
1518825600000 0.73866 0.775 0.73108 0.76076 916.308 1518911999999 691.32989813 4222 450.25 340.19734125
1518912000000 0.76076 0.764 0.69359 0.74963 910.318 1518998399999 679.91455586 4503 349.821 262.72262637
1518998400000 0.74965 0.77699 0.74041 0.77487 660.992 1519084799999 502.91548993 2634 385.876 294.1425486
1519084800000 0.77486 0.79156 0.75896 0.76905 834.986 1519171199999 646.62377976 3073 431.596 334.43173489
1519171200000 0.77062 0.82266 0.75195 0.7873 1279.27 1519257599999 1011.75763776 4366 598.577 473.65392294
1519257600000 0.78789 0.79523 0.74169 0.77892 947.915 1519343999999 725.4013813 2720 456.088 349.71109198
1519344000000 0.77939 0.7801 0.72446 0.73162 831.947 1519430399999 616.60063028 2338 310.074 229.27566184
1519430400000 0.73406 0.7367 0.69486 0.70545 777.071 1519516799999 556.00711673 2048 275.768 198.32329334
1519516800000 0.7084 0.71174 0.69585 0.69924 492.101 1519603199999 345.66310459 1475 178.582 125.58044476
1519603200000 0.70134 0.72325 0.68439 0.71546 1038.894 1519689599999 731.76180513 2158 476.736 335.50681074
1519689600000 0.717 0.72309 0.69198 0.70014 1114.451 1519775999999 784.04827875 2487 463.992 326.62913854
1519776000000 0.70014 0.70058 0.68335 0.68336 1445.013 1519862399999 997.32904095 2411 704.08 486.22168178
1519862400000 0.68507 0.70964 0.67694 0.70959 1396.335 1519948799999 965.50815524 2768 666.977 460.03640017
1519948800000 0.70639 0.71159 0.69289 0.70363 922.811 1520035199999 650.5284095 2268 281.636 198.93788241
1520035200000 0.70363 0.71911 0.6905 0.712 497.817 1520121599999 350.86894714 1626 275.573 194.74231422
1520121600000 0.70706 0.735 0.69944 0.71468 1708.355 1520207999999 1211.64193095 2242 890.375 634.419642
1520208000000 0.71179 0.72375 0.70366 0.72055 1130.715 1520294399999 808.25550708 1969 811.597 580.669092
1520294400000 0.72055 0.7209 0.69028 0.7105 1291.454 1520380799999 907.70575328 1539 399.301 280.99403507
1520380800000 0.7105 0.715 0.67554 0.67961 1647.752 1520467199999 1154.90817042 2649 728.943 512.44873223
1520467200000 0.67961 0.70656 0.66754 0.7031 1988.417 1520553599999 1352.35975868 2595 861.795 587.76305131
1520553600000 0.7031 0.715 0.66 0.68427 2776.928 1520639999999 1923.76231376 3412 1156.325 804.80857006
1520640000000 0.68181 0.7184 0.6769 0.70611 562.512 1520726399999 395.69274627 1927 253.73 178.6215477
1520726400000 0.70611 0.75917 0.69 0.73134 727.339 1520812799999 524.56092813 2235 423.837 306.30118303
1520812800000 0.73125 0.74776 0.70517 0.71717 663.821 1520899199999 485.62807601 1698 201.422 147.21073158
1520899200000 0.71703 0.72437 0.697 0.70392 544.39 1520985599999 384.80751411 1541 263.701 187.01613022
1520985600000 0.70357 0.72 0.69113 0.69661 505.191 1521071999999 355.32240671 1767 245.611 173.1681247
1521072000000 0.69659 0.70295 0.66955 0.68334 2246.626 1521158399999 1544.8837159 3972 945.081 652.17073157
1521158400000 0.68333 0.71 0.67154 0.70629 1411.282 1521244799999 975.60570087 2443 654.239 452.66524327
1521244800000 0.70629 0.7096 0.67318 0.703 1659.565 1521331199999 1158.0221585 2609 656.726 459.74781224
1521331200000 0.70112 0.77629 0.69 0.73165 3424.961 1521417599999 2459.21440259 9402 1565.135 1127.4042255
1521417600000 0.73165 0.74603 0.6825 0.73603 2101.5 1521503999999 1501.38299188 8490 960.643 687.22811228
1521504000000 0.73966 0.79585 0.73433 0.76949 1368.203 1521590399999 1045.84721506 5544 646.428 494.61298322
1521590400000 0.76944 0.77915 0.73888 0.77193 933.162 1521676799999 715.1976553 3202 381.885 293.08463856
1521676800000 0.77232 0.7776 0.75001 0.75917 1120.609 1521763199999 857.81611603 3030 462.185 354.13838771
1521763200000 0.76036 0.79944 0.75501 0.794 2557.811 1521849599999 1959.87146213 4783 1047.3 805.52610994
1521849600000 0.79247 0.85485 0.79244 0.80926 1228.478 1521935999999 1010.96599157 4516 533.152 440.5569554
1521936000000 0.8015 0.80933 0.78 0.78652 1386.9 1522022399999 1104.49208047 3352 457.31 364.33597999
1522022400000 0.787 0.805 0.77314 0.79442 3449.454 1522108799999 2706.26851367 5081 1298.893 1022.66086713
1522108800000 0.7979 0.81855 0.78285 0.78975 1102.869 1522195199999 880.97619067 4611 454.217 363.42532477
1522195200000 0.78975 0.7975 0.78 0.78583 1486.695 1522281599999 1171.68996758 3222 531.475 419.47002012
1522281600000 0.78607 0.87999 0.77715 0.85609 4895.49 1522367999999 3957.5332118 9978 1712.528 1392.45900828
1522368000000 0.85609 0.8781 0.78761 0.78919 2054.436 1522454399999 1711.51900668 7530 867.671 720.77492323
1522454400000 0.7892 0.81063 0.767 0.77119 890.174 1522540799999 702.67323577 3585 383.896 303.77510879
1522540800000 0.77441 0.80826 0.75364 0.76807 1172.626 1522627199999 914.8570961 3784 549.553 430.08580701
1522627200000 0.76807 0.81329 0.76164 0.81329 1042.56 1522713599999 818.26513865 3298 542.793 426.80474368
1522713600000 0.81373 0.83899 0.80843 0.81888 978.963 1522799999999 807.15082768 3868 510.219 421.16983199
1522800000000 0.82042 0.8335 0.78439 0.78736 922.283 1522886399999 751.22864125 3715 455.737 372.57876619
1522886400000 0.78736 0.80136 0.77569 0.78662 797.697 1522972799999 628.51908137 2862 344.368 271.74239179
1522972800000 0.78662 0.79312 0.76658 0.76964 485.125 1523059199999 377.59407873 1986 149.671 116.62440634
1523059200000 0.76923 0.80307 0.76923 0.77229 876.249 1523145599999 689.19919222 2533 477.283 376.49546052
1523145600000 0.77266 0.79466 0.75691 0.77785 953.988 1523231999999 736.74504261 2628 428.099 332.10125876
1523232000000 0.77767 0.789 0.73597 0.75308 884.122 1523318399999 671.47544192 2688 357.531 270.90293097
1523318400000 0.75007 0.75982 0.71599 0.72318 889.128 1523404799999 654.75655456 3033 376.161 277.53906165
1523404800000 0.723 0.73 0.71 0.71656 1348.442 1523491199999 969.73800048 2535 781.158 562.38467814
1523491200000 0.71978 0.74774 0.71287 0.71982 1385.41 1523577599999 1008.99425451 4181 682.116 497.8640542
1523577600000 0.7211 0.74708 0.70124 0.71565 1627.717 1523663999999 1181.04161907 4653 750.557 545.37470805
1523664000000 0.71679 0.73979 0.70431 0.71053 881.551 1523750399999 633.61251368 2428 374.144 270.39525879
1523750400000 0.70962 0.73848 0.7039 0.71714 1114.499 1523836799999 801.8771829 2777 574.158 413.65200186
1523836800000 0.71601 0.72465 0.70503 0.712 621.447 1523923199999 442.62937063 2898 257.521 183.64377569
1523923200000 0.712 0.73499 0.70925 0.72267 1041.976 1524009599999 754.58024231 3101 355.845 257.45480384
1524009600000 0.722 0.80804 0.713 0.80338 1509.057 1524095999999 1147.97158884 5667 690.973 526.10450219
1524096000000 0.80627 0.80725 0.75036 0.76284 1313.598 1524182399999 1019.71100224 4667 587.868 456.67054831
1524182400000 0.76269 0.77522 0.73756 0.74751 956.184 1524268799999 720.28367684 3478 459.056 345.98211301
1524268800000 0.75011 0.75665 0.71833 0.73314 1011.773 1524355199999 743.6597955 3055 407.355 300.15673016
1524355200000 0.73346 0.76495 0.72865 0.75306 1313.709 1524441599999 971.97616882 3567 470.003 349.1721734
1524441600000 0.753 0.816 0.7276 0.78296 2227.018 1524527999999 1724.28806935 6868 1069.098 828.25671828
1524528000000 0.78296 0.80639 0.74043 0.74594 1561.555 1524614399999 1215.10491488 5250 892.5 696.74157169
1524614400000 0.74595 0.77 0.72217 0.75155 1555.948 1524700799999 1163.41283249 6825 759.934 569.37023628
1524700800000 0.75347 0.76975 0.73347 0.76335 716.945 1524787199999 539.87417819 3388 351.49 264.82944876
1524787200000 0.76216 0.76847 0.71457 0.73223 1033.612 1524873599999 757.5652945 4506 474.697 348.23748104
1524873600000 0.73223 0.73388 0.71286 0.72853 748.009 1524959999999 542.11486668 2936 306.978 222.64905139
1524960000000 0.72797 0.73081 0.70401 0.72316 1239.712 1525046399999 891.98743099 4277 527.118 380.30988797
1525046400000 0.72316 0.72805 0.68922 0.70583 906.882 1525132799999 640.05355134 4929 380.953 269.05070181
1525132800000 0.70591 0.75 0.69024 0.71301 1279.807 1525219199999 919.95670771 5316 608.763 437.75735331
1525219200000 0.71301 0.71301 0.68005 0.70875 989.127 1525305599999 689.08237529 4380 429.772 299.95960687
1525305600000 0.7089 0.70999 0.01112 0.64455 2196.662 1525391999999 1129.81546946 5482 632.344 423.37527894
1525392000000 0.64639 0.6526 0.60442 0.62388 982.314 1525478399999 611.26170923 3016 432.22 269.53252918
1525478400000 0.6215 0.64575 0.5973 0.62372 850.609 1525564799999 522.18808424 2623 448.238 275.31657441
1525564800000 0.62373 0.63506 0.61098 0.61373 1180.99 1525651199999 736.13945911 2757 683.08 426.35275585
1525651200000 0.61335 0.66257 0.60289 0.60855 1031.055 1525737599999 645.63343099 4321 519.03 325.86461138
1525737600000 0.60894 0.628 0.58343 0.58964 698.608 1525823999999 421.5800384 3944 314.013 190.09818992
1525824000000 0.5895 0.63 0.48158 0.5885 770.044 1525910399999 450.24974932 3241 350.369 207.5239331
1525910400000 0.59063 0.60746 0.57518 0.57749 859.831 1525996799999 509.70412443 3538 380.361 225.37855508
1525996800000 0.57703 0.57784 0.565 0.56737 131.351 1526083199999 74.84798942 653 75.269 42.88895107
