1508457600000 0.05 4.9 0.047881 0.048646 1453.274 1508543999999 72.42325572 3207 652.888 32.74411335
1508544000000 0.048646 0.048647 0.044255 0.046155 2986.064 1508630399999 140.58350181 6370 2859.397 134.69157061
1508630400000 0.045688 0.047879 0.045236 0.045251 3294.15 1508716799999 153.75119545 7295 1651.054 77.42965471
1508716800000 0.045348 0.051245 0.044712 0.046726 3224.664 1508803199999 148.30718781 6819 1396.683 64.73365957
1508803200000 0.047672 0.053987 0.046591 0.05293 2746.299 1508889599999 142.48410998 6231 1160.156 60.1815846
1508889600000 0.05293 0.054496 0.050001 0.05023 4290.94 1508975999999 222.72269308 9075 1702.971 89.41355357
1508976000000 0.050001 0.050839 0.046793 0.048707 2632.69 1509062399999 128.8568082 6016 1732.964 85.1982035
1509062400000 0.047828 0.049219 0.046836 0.049219 3255.983 1509148799999 157.77473771 6223 2317.963 112.7278801
1509148800000 0.049219 0.04971 0.046985 0.048216 2808.313 1509235199999 138.075916 5559 2750.542 135.27845978
1509235200000 0.048216 0.049649 0.045633 0.046048 3876.619 1509321599999 186.5198785 7420 3624.902 174.29862556
1509321600000 0.046042 0.047684 0.045573 0.046477 3751.226 1509407999999 174.82374908 7951 1803.068 84.27598078
1509408000000 0.04691 0.046969 0.043 0.043003 3231.068 1509494399999 146.10671248 6454 459.877 21.23894597
1509494400000 0.043003 0.043939 0.039897 0.040309 1625.774 1509580799999 68.71764406 3232 371.694 15.39292481
1509580800000 0.040306 0.04031 0.034248 0.037231 2472.747 1509667199999 93.07031981 4784 1458.157 55.02368799
1509667200000 0.037231 0.038904 0.035683 0.038777 3419.576 1509753599999 127.11175303 7615 1228.93 45.8322329
1509753600000 0.038801 0.039684 0.035329 0.037007 2857.608 1509839999999 109.02927413 6641 1585.213 60.61257882
1509840000000 0.037007 0.03775 0.035203 0.036619 2863.11 1509926399999 104.03385131 7044 1574.166 57.16736678
1509926400000 0.036622 0.039858 0.036256 0.038769 3470.612 1510012799999 131.25199266 7674 572.288 21.93225218
1510012800000 0.039288 0.042203 0.038763 0.041344 4138.758 1510099199999 166.8941838 8495 1170.069 47.30234686
1510099200000 0.040789 0.045809 0.038784 0.042449 3119.376 1510185599999 130.25774699 6931 1854.722 78.41825811
1510185600000 0.042449 0.046762 0.042449 0.045408 3590.217 1510271999999 160.3762107 6954 2013.293 89.95336563
1510272000000 0.045407 0.050255 0.04475 0.04935 5293.275 1510358399999 253.02278778 11841 2468.081 118.40315638
1510358400000 0.049958 0.055564 0.049432 0.053938 8248.798 1510444799999 426.55862451 16404 3946.923 202.90037696
1510444800000 0.054163 0.09521 0.04888 0.090998 13739.051 1510531199999 926.99889045 19279 6325.119 428.11969226
1510531200000 0.090998 0.095099 0.0595 0.065494 14009.267 1510617599999 971.84729769 13596 6248.561 432.95704542
1510617600000 0.065016 0.068 0.0595 0.064023 11581.569 1510703999999 740.43894093 8832 5482.837 351.22396547
1510704000000 0.064377 0.064625 0.055081 0.057787 9027.793 1510790399999 543.25666353 7912 3337.536 204.04254879
1510790400000 0.057779 0.05948 0.052106 0.052738 7977.724 1510876799999 444.61351947 5018 4625.152 256.64268097
1510876800000 0.052929 0.056999 0.051893 0.054935 9356.555 1510963199999 501.04548164 5647 3457.981 185.57792511
1510963200000 0.054898 0.064158 0.054582 0.058498 9024.402 1511049599999 526.39899936 5648 5553.217 323.86653301
1511049600000 0.058468 0.059171 0.052211 0.054678 10972.206 1511135999999 624.58690072 6427 2740.994 154.42953
1511136000000 0.05478 0.07299 0.053024 0.063804 13876.52 1511222399999 774.16455953 7774 7636.267 423.53567801
1511222400000 0.063805 0.068 0.0558 0.060968 15811.857 1511308799999 946.17797315 10049 7132.829 428.39886772
1511308800000 0.060968 0.072067 0.06057 0.070306 13737.047 1511395199999 924.13323518 9136 7484.923 504.74007181
1511395200000 0.069537 0.071119 0.067001 0.070144 14367.842 1511481599999 993.51299971 8645 9011.533 624.27607565
1511481600000 0.07 0.071119 0.064401 0.0679 14768.339 1511567999999 1008.84016421 9332 6608.09 452.38304537
1511568000000 0.0679 0.075486 0.0679 0.072098 13416.231 1511654399999 963.37179601 9598 6207.787 445.05039658
1511654400000 0.072851 0.072994 0.065 0.06698 11220.857 1511740799999 774.45365426 7103 4534.854 312.64332653
1511740800000 0.066981 0.06898 0.063556 0.064241 15588.888 1511827199999 1013.54731284 9579 7770.883 505.68026136
1511827200000 0.064238 0.064957 0.060788 0.061497 16923.881 1511913599999 1055.13606317 9933 8721.884 543.88713021
1511913600000 0.061498 0.072977 0.05784 0.068902 19253.246 1511999999999 1248.0964404 15213 9613.968 620.22552996
1512000000000 0.068901 0.081 0.065795 0.076112 43118.655 1512086399999 3246.04006793 19915 28857.793 2171.39727376
1512086400000 0.076242 0.079497 0.07001 0.072013 45729.401 1512172799999 3437.34943004 15954 30795.977 2322.09468559
1512172800000 0.072013 0.072658 0.06888 0.070137 36319.812 1512259199999 2551.42667131 12327 24532.285 1724.44251227
1512259200000 0.070421 0.070436 0.065858 0.068047 34534.25 1512345599999 2362.55543084 12304 21047.978 1442.10345844
1512345600000 0.06804 0.075641 2.4e-05 0.066199 32939.662 1512431999999 2176.41326131 11212 21793.215 1454.4649366
1512432000000 0.066189 0.066895 0.030003 0.062638 40145.996 1512518399999 2582.57559961 14294 21894.975 1408.87184681
1512518400000 0.062672 0.065 0.048379 0.048654 26606.051 1512604799999 1491.77876205 12337 16850.77 944.37080712
1512604800000 0.04906 0.050999 0.039281 0.039619 32528.821 1512691199999 1446.12061155 14841 15632.687 702.22262462
1512691200000 0.039786 0.053947 0.036362 0.043796 32567.949 1512777599999 1442.91955724 18884 12758.188 556.49927122
1512777600000 0.04397 0.052977 0.042771 0.047779 29379.629 1512863999999 1432.01592904 13977 11530.437 563.39576229
1512864000000 0.047775 0.05389 0.043593 0.04453 28317.809 1512950399999 1329.30883873 13459 10560.953 497.15362299
1512950400000 0.044709 0.048789 0.04231 0.045225 22516.22 1513036799999 987.88624383 10939 8747.259 384.2740637
1513036800000 0.04551 0.05824 0.043878 0.055002 28744.659 1513123199999 1421.22473967 18066 11574.853 572.89070419
1513123200000 0.055001 0.0599 0.04945 0.053978 29380.731 1513209599999 1565.68003162 18636 10664.804 570.13792489
1513209600000 0.053983 0.059583 0.052065 0.057036 23725.573 1513295999999 1321.28720584 17357 9365.718 522.75937783
1513296000000 0.057036 0.058 0.046 0.050902 19948.34 1513382399999 1003.94157639 14285 7044.5 354.48913145
1513382400000 0.050902 0.052998 0.046501 0.052 18287.151 1513468799999 913.3647353 13032 5843.68 292.53386496
1513468800000 0.052 0.060792 0.051497 0.0572 9663.817 1513555199999 543.22976204 14255 4909.757 276.25506497
1513555200000 0.0572 0.064 0.0557 0.060701 5188.293 1513641599999 304.13258714 9547 2751.405 162.17229277
1513641600000 0.060701 0.067032 0.060541 0.0652 6256.55 1513727999999 402.50058037 12789 3120.377 200.76749565
1513728000000 0.0652 0.0948 0.064 0.088001 32056.317 1513814399999 2601.62851316 32395 13838.423 1118.34538287
1513814400000 0.088 0.093169 0.084653 0.086724 37096.226 1513900799999 3279.57004437 28552 20390.86 1802.25183135
1513900800000 0.086661 0.089609 0.071 0.082969 32489.157 1513987199999 2678.74299781 28157 18800.332 1553.34001062
1513987200000 0.082658 0.08945 0.079761 0.082991 35788.978 1514073599999 2951.67663965 21504 22043.365 1818.69498974
1514073600000 0.082764 0.08399 0.079415 0.081385 32619.358 1514159999999 2668.61225705 16251 18008.277 1474.66810502
1514160000000 0.081384 0.0909 0.080091 0.080429 34441.992 1514246399999 2833.54302736 18204 19885.039 1636.47168022
1514246400000 0.080436 0.0815 0.07 0.075277 31286.06 1514332799999 2382.6694752 16366 17627.876 1347.89469683
1514332800000 0.075135 0.082 0.070302 0.073572 20920.741 1514419199999 1558.63776658 14399 12754.713 950.83301794
1514419200000 0.07357 0.078 0.072117 0.076999 12593.21 1514505599999 930.89873141 13474 7353.312 543.53340951
1514505600000 0.076986 0.078695 0.073 0.075559 12571.714 1514591999999 948.91324779 16103 7490.007 565.69044053
1514592000000 0.075562 0.0771 0.071546 0.076003 14330.058 1514678399999 1071.14772757 18508 8079.644 603.95802611
1514678400000 0.076003 0.076168 0.072314 0.073223 15423.194 1514764799999 1150.11792748 17071 9024.94 673.39792961
1514764800000 0.073106 0.07693 0.072032 0.075752 14544.319 1514851199999 1093.15938979 15690 8601.141 646.71870914
1514851200000 0.075753 0.083019 0.07259 0.0785 17576.117 1514937599999 1386.8748844 26856 10664.276 842.88560125
1514937600000 0.078404 0.078778 0.073204 0.07485 14457.189 1515023999999 1085.27863836 18901 8452.026 634.53295654
1515024000000 0.07485 0.081 0.0717 0.073221 20011.648 1515110399999 1504.50143952 30817 11582.853 870.82938589
1515110400000 0.073223 0.076499 0.061117 0.062856 16590.274 1515196799999 1174.65448154 23733 10030.269 711.64724433
1515196800000 0.062855 0.073 0.062432 0.067197 12897.668 1515283199999 875.73940925 20077 7849.965 533.17067067
1515283200000 0.067195 0.075486 0.066762 0.071699 15630.01 1515369599999 1131.7501308 23609 9513.512 688.98576454
1515369600000 0.071699 0.074319 0.070121 0.07155 15482.345 1515455999999 1125.06859675 20176 9402.968 683.70747833
1515456000000 0.07155 0.076929 0.06811 0.076178 17338.923 1515542399999 1278.94276501 27653 10091.825 744.32911171
1515542400000 0.076178 0.078779 0.07308 0.073738 15320.355 1515628799999 1157.49332737 23268 8996.272 679.92657637
1515628800000 0.073738 0.07699 0.0726 0.0746 14287.242 1515715199999 1070.63898645 18781 8135.922 609.31909639
1515715200000 0.074997 0.0769 0.073501 0.075799 5736.213 1515801599999 431.14982375 12562 3196.154 240.67840636
1515801600000 0.076 0.078527 0.075511 0.076802 5407.732 1515887999999 415.37300376 20901 2783.015 213.92358952
1515888000000 0.077049 0.077118 0.073485 0.073486 4534.237 1515974399999 342.79538599 10283 2029.588 153.88114583
1515974400000 0.073486 0.074925 0.068 0.068201 4982.017 1516060799999 356.69635203 9844 2263.953 162.05020303
1516060800000 0.068201 0.073228 0.062 0.066866 11486.415 1516147199999 777.64044736 18055 6181.849 418.52695093
1516147200000 0.066837 0.072259 0.06391 0.071538 8494.356 1516233599999 584.8382923 19209 4056.228 279.12219659
1516233600000 0.071538 0.0768 0.068728 0.074014 8165.969 1516319999999 596.31844431 24141 4282.358 313.8195011
1516320000000 0.073762 0.074988 0.072 0.073343 4122.742 1516406399999 301.8434173 12955 2113.265 154.88768008
1516406400000 0.073343 0.07649 0.0713 0.0722 5826.972 1516492799999 426.73132558 13937 2525.705 184.91265455
1516492800000 0.0722 0.073232 0.069533 0.070763 3351.985 1516579199999 238.69040232 7904 1721.277 122.69976758
1516579200000 0.071043 0.072127 0.0692 0.070251 3243.237 1516665599999 229.6077803 8684 1646.71 116.75528456
1516665600000 0.070029 0.072298 0.068632 0.06973 3413.306 1516751999999 239.6352397 8507 1685.627 118.58211085
1516752000000 0.069822 0.07005 0.067302 0.069003 9330.319 1516838399999 642.32556268 12639 4449.573 306.8096133
1516838400000 0.069003 0.0722 0.068806 0.070887 5550.8 1516924799999 392.91599614 14733 2757.849 195.36207285
1516924800000 0.070879 0.07218 0.0692 0.0704 2804.021 1517011199999 198.50596403 7794 1526.715 108.14795649
1517011200000 0.070198 0.070506 0.06713 0.067942 3362.417 1517097599999 230.01823323 8201 1448.802 99.2570547
1517097600000 0.06777 0.0694 0.0658 0.069387 3462.556 1517183999999 234.02800111 9915 1808.367 122.43517841
1517184000000 0.069387 0.0697 0.06597 0.068237 7726.55 1517270399999 522.77598686 13522 4913.456 332.98486181
1517270400000 0.06845 0.069796 0.06701 0.06701 4321.076 1517356799999 297.50690051 11506 2170.236 149.48251554
1517356800000 0.06701 0.0689 0.066501 0.068551 2790.655 1517443199999 188.79926126 6925 1307.625 88.59382532
1517443200000 0.068389 0.0693 0.065647 0.06794 6906.536 1517529599999 467.88724112 11018 2755.464 187.05214993
1517529600000 0.06759 0.06808 0.056267 0.066513 7740.177 1517615999999 498.92600215 15061 2841.814 182.84777413
1517616000000 0.066811 0.073999 0.063881 0.069368 3768.963 1517702399999 256.87581852 12946 2095.484 143.85825111
1517702400000 0.069366 0.07079 0.06585 0.06625 4877.123 1517788799999 334.09860644 14914 1517.534 104.11621023
1517788800000 0.06625 0.078 0.063739 0.0647 5210.02 1517875199999 348.51411931 9065 3014.732 204.75897224
1517875200000 0.064987 0.06918 0.061856 0.067972 5791.285 1517961599999 379.88732454 16329 3017.74 197.98100602
1517961600000 0.067973 0.071064 0.066159 0.068344 3640.947 1518047999999 249.39028568 13533 1861.136 127.56924388
1518048000000 0.068344 0.068878 0.068003 0.068479 88.6 1518134399999 6.06154348 288 79.95 5.47135792
1518134400000 0.068479 0.073666 0.068479 0.073397 3784.983 1518220799999 274.28474403 20897 1857.715 134.94462417
1518220800000 0.073397 0.07472 0.072758 0.0739 3831.266 1518307199999 282.52848377 14818 1934.948 142.84364198
1518307200000 0.074222 0.074222 0.07 0.07189 2736.011 1518393599999 197.67059421 11510 1428.341 103.20152301
1518393600000 0.071701 0.073 0.069598 0.069978 1601.848 1518479999999 113.7939154 6859 756.238 53.84334379
1518480000000 0.069897 0.07045 0.06878 0.069192 1692.046 1518566399999 117.81303673 6445 774.463 54.00975961
1518566400000 0.069296 0.0744 0.069 0.071521 6452.797 1518652799999 463.44888434 27727 3296.658 236.58102718
1518652800000 0.071521 0.0728 0.068 0.0694 3749.54 1518739199999 262.32523812 15465 1819.956 127.38752155
1518739200000 0.0694 0.070999 0.067311 0.068323 4043.601 1518825599999 279.22214245 11380 2218.604 153.37543946
1518825600000 0.068322 0.069415 0.066601 0.066676 3131.637 1518911999999 213.02426343 11527 1408.08 95.94347952
1518912000000 0.066621 0.067365 0.065 0.0658 3435.361 1518998399999 226.3958905 9285 1751.638 115.68137529
1518998400000 0.0658 0.066612 0.064991 0.06502 3027.093 1519084799999 197.99159708 6569 942.161 61.73412884
1519084800000 0.065149 0.065255 0.0605 0.0605 5791.257 1519171199999 362.94312324 9186 1435.213 89.95666251
1519171200000 0.060556 0.065338 0.06051 0.063215 5305.616 1519257599999 335.52794448 13986 2738.77 172.98134572
1519257600000 0.063212 0.063703 0.06 0.063516 3167.09 1519343999999 195.13591017 7993 1324.786 81.9618158
1519344000000 0.063516 0.063857 0.061056 0.061719 2542.617 1519430399999 158.55684403 7680 1426.636 89.12643642
1519430400000 0.061713 0.0632 0.05981 0.061045 2857.439 1519516799999 173.6455368 7282 1497.57 91.22021107
1519516800000 0.061041 0.062115 0.060733 0.061469 1897.557 1519603199999 116.26444694 6635 932.5 57.22082744
1519603200000 0.061271 0.062 0.060027 0.060222 2526.697 1519689599999 154.11558735 6475 1300.536 79.4050182
1519689600000 0.060222 0.0605 0.05707 0.057512 3684.985 1519775999999 215.85274191 8633 1189.93 69.61013909
1519776000000 0.057539 0.057617 0.055 0.056483 2690.785 1519862399999 151.86830787 6579 1196.5 67.47598949
1519862400000 0.056482 0.057239 0.048 0.05653 4607.088 1519948799999 255.9612814 7414 2159.363 121.24412687
1519948800000 0.056378 0.056528 0.0539 0.054669 2010.885 1520035199999 111.10359311 5057 1007.577 55.74029493
1520035200000 0.05451 0.054697 0.052398 0.053348 2679.787 1520121599999 143.10358873 5561 1632.852 87.25243509
1520121600000 0.05312 0.055369 0.05296 0.053846 2346.632 1520207999999 126.86667245 6221 1191.711 64.42222544
1520208000000 0.053846 0.054397 0.051752 0.05325 2547.484 1520294399999 136.18080735 5387 1066.192 56.94771429
1520294400000 0.053316 0.054397 0.05251 0.053907 2890.258 1520380799999 153.49825756 5463 1488.118 79.12922368
1520380800000 0.054 0.054097 0.05115 0.05172 3001.468 1520467199999 157.47618691 6985 1345.449 70.65933488
1520467200000 0.051668 0.0536 0.05102 0.052656 5428.329 1520553599999 282.32113356 8643 2710.11 141.33176594
1520553600000 0.052806 0.054397 0.05103 0.053724 6240.964 1520639999999 325.9274721 10667 2421.228 126.77576958
1520640000000 0.053724 0.057 0.053415 0.054997 3534.686 1520726399999 194.69849556 10389 1686.454 92.84738656
1520726400000 0.054847 0.057092 0.054201 0.05531 3399.885 1520812799999 188.77815103 7336 1526.867 84.87485018
1520812800000 0.05531 0.056093 0.054195 0.054556 3957.614 1520899199999 218.40767615 6741 1789.829 98.61284415
1520899200000 0.054556 0.054773 0.05234 0.05293 2954.853 1520985599999 157.68783151 5979 2013.651 107.36143396
1520985600000 0.052931 0.0547 0.051023 0.051603 2444.411 1521071999999 129.38719304 6590 1341.824 71.05524338
1521072000000 0.051719 0.052496 0.04985 0.050471 11953.217 1521158399999 608.44686351 11163 7594.95 386.89426543
1521158400000 0.050435 0.051397 0.048946 0.051308 19823.151 1521244799999 993.27309016 13392 12708.114 636.69737326
1521244800000 0.051202 0.051949 0.04849 0.049086 17237.741 1521331199999 866.80416424 12520 11479.165 578.01076195
1521331200000 0.049267 0.049434 0.045878 0.048003 18304.157 1521417599999 871.59402813 20315 10527.874 501.68037771
1521417600000 0.048211 0.048211 0.04484 0.047749 22821.054 1521503999999 1056.50509954 24609 12496.083 578.60010079
1521504000000 0.047686 0.05025 0.046828 0.048002 20025.78 1521590399999 966.64400094 21165 11528.767 556.25792725
1521590400000 0.048031 0.0495 0.04753 0.048633 17838.599 1521676799999 866.05915511 15732 10713.67 520.10340888
1521676800000 0.048633 0.0491 0.046227 0.047132 18500.894 1521763199999 882.91357095 15719 10517.398 502.14209391
1521763200000 0.047132 0.05077 0.046873 0.048476 18656.957 1521849599999 888.17865868 16655 10312.816 490.9971759
1521849600000 0.048396 0.051967 0.048214 0.049136 19126.142 1521935999999 955.07332748 20781 11069.848 553.07983421
1521936000000 0.049032 0.049416 0.048412 0.048632 16974.822 1522022399999 827.2167977 13708 10701.327 521.81104475
1522022400000 0.04865 0.0488 0.04685 0.047611 18635.729 1522108799999 892.36738983 15562 10981.972 525.9681232
1522108800000 0.047665 0.047799 0.0451 0.045309 17775.618 1522195199999 823.37372631 15392 10867.27 503.57446994
1522195200000 0.045332 0.045841 0.043897 0.044172 19876.42 1522281599999 892.24225306 15153 11323.386 508.55884614
1522281600000 0.044166 0.048 0.042612 0.046246 25948.704 1522367999999 1157.21642052 25708 15070.847 670.69539879
1522368000000 0.046245 0.047604 0.045112 0.04521 19923.84 1522454399999 918.58585414 19261 11391.264 525.27323385
1522454400000 0.045237 0.046472 0.043547 0.044006 18408.927 1522540799999 836.11305653 14750 11044.589 501.81018428
1522540800000 0.043931 0.044869 0.04178 0.042664 18023.823 1522627199999 788.19372141 14195 10158.486 444.78558996
1522627200000 0.042636 0.045 0.041983 0.044459 17465.379 1522713599999 752.94871114 15056 9868.19 425.32082299
1522713600000 0.044461 0.046198 0.044086 0.04586 24526.258 1522799999999 1108.51833151 22827 13291.388 601.15196125
1522800000000 0.04586 0.046 0.0437 0.043815 22822.586 1522886399999 1027.46425314 20026 12387.17 557.80618316
1522886400000 0.043812 0.0449 0.043374 0.04424 18335.026 1522972799999 808.09421431 12971 10946.692 482.5123868
1522972800000 0.04424 0.044484 0.042859 0.043125 16107.373 1523059199999 700.60700089 11108 9321.012 405.15460593
1523059200000 0.043088 0.044652 0.042889 0.043052 18011.791 1523145599999 789.10893342 12457 11439.952 501.64607199
1523145600000 0.043053 0.046082 0.042651 0.044441 18080.749 1523231999999 788.07956211 13434 10083.113 440.03145298
1523232000000 0.044481 0.0455 0.043328 0.044136 17949.782 1523318399999 801.09350647 13747 9110.774 406.79377077
1523318400000 0.044137 0.044539 0.042719 0.04384 9171.403 1523404799999 402.40412286 10645 3958.928 173.78647891
1523404800000 0.04384 0.044514 0.043348 0.04451 4666.71 1523491199999 204.65103943 7913 2336.308 102.56862873
1523491200000 0.04451 0.045595 0.04341 0.045085 9396.662 1523577599999 418.69669978 13746 4063.08 180.78795883
1523577600000 0.04504 0.047665 0.0421 0.04473 9581.153 1523663999999 439.56904086 21287 4722.282 217.14129852
1523664000000 0.044692 0.046504 0.044262 0.044606 4294.069 1523750399999 193.30291823 6073 2450.255 110.18587921
1523750400000 0.044567 0.04659 0.0442 0.045799 4826.716 1523836799999 219.99281259 8135 2045.06 93.15585354
1523836800000 0.045681 0.046025 0.04454 0.045161 4592.742 1523923199999 207.11234224 8858 2161.276 97.5697186
1523923200000 0.045186 0.047 0.044721 0.045941 5588.321 1524009599999 256.81051752 13236 2777.484 127.65172958
1524009600000 0.045937 0.0519 0.045466 0.051864 12836.833 1524095999999 621.91717777 33553 5855.016 284.40027498
1524096000000 0.051734 0.05274 0.049555 0.052402 10409.589 1524182399999 534.10747631 32533 5462.477 280.19424475
1524182400000 0.05239 0.053188 0.0513 0.052274 9547.843 1524268799999 498.14442811 25180 4885.639 255.1014304
1524268800000 0.052274 0.052369 0.04911 0.049849 6253.706 1524355199999 315.85730013 13896 3350.633 169.3750389
1524355200000 0.049851 0.054438 0.049681 0.053108 8062.972 1524441599999 423.41932732 27064 4111.954 215.81870059
1524441600000 0.053154 0.05918 0.052105 0.056399 17281.297 1524527999999 962.93033892 44013 8250.005 459.38628668
1524528000000 0.056399 0.058643 0.054006 0.054379 11345.04 1524614399999 647.62133475 39413 5303.742 302.93277972
1524614400000 0.054391 0.054799 0.050237 0.052219 10747.909 1524700799999 561.82308826 28752 5282.106 276.43516232
1524700800000 0.052218 0.054992 0.05122 0.054365 5829.634 1524787199999 311.40719909 18408 2978.246 159.13215128
1524787200000 0.054363 0.054724 0.0519 0.052811 7667.88 1524873599999 405.27323642 18207 3772.55 199.76059296
1524873600000 0.052811 0.05393 0.052317 0.053191 6237.53 1524959999999 330.95449696 13617 3102.123 164.64762414
1524960000000 0.053191 0.053527 0.051807 0.053002 7270.359 1525046399999 383.20123444 20204 3245.107 170.93216869
1525046400000 0.053056 0.053295 0.050751 0.051198 7363.502 1525132799999 383.17358912 18305 3158.041 164.08864492
1525132800000 0.051265 0.054612 0.050656 0.052729 8973.356 1525219199999 470.97286688 20422 4523.878 237.18756223
1525219200000 0.052703 0.05289 0.05101 0.052697 7185.426 1525305599999 373.63473993 20020 3473.253 180.56558176
1525305600000 0.052804 0.053435 0.0515 0.051632 9024.287 1525391999999 476.21660122 24013 3851.657 203.3752961
1525392000000 0.051609 0.052047 0.049753 0.050279 6333.489 1525478399999 320.95315249 15054 3099.721 157.24229266
1525478400000 0.050342 0.05197 0.04977 0.051787 7035.124 1525564799999 356.1852834 15093 3717.07 187.69292273
1525564800000 0.051787 0.053226 0.050248 0.050389 6943.344 1525651199999 357.50195923 16279 3126.604 160.95251923
1525651200000 0.050389 0.050549 0.048161 0.048929 7343.544 1525737599999 361.37348194 16832 3523.963 173.48299523
1525737600000 0.048928 0.049597 0.047666 0.048126 4810.563 1525823999999 234.51430072 14451 2252.207 109.92478034
1525824000000 0.048122 0.048221 0.045579 0.047574 7446.784 1525910399999 349.03912996 20773 3814.299 178.45236909
1525910400000 0.047575 0.049446 0.046102 0.046369 7171.953 1525996799999 345.80738651 15669 3796.447 182.76883976
1525996800000 0.046245 0.047095 0.046 0.046538 726.364 1526083199999 33.65742112 1638 328.272 15.2425156
