1501113600000 0.008506 0.009999 0.008407 0.009377 90147.78 1501199999999 818.45288805 6761 57939.67 523.99692121
1501200000000 0.009435 0.009999 0.009197 0.00931 54315.86 1501286399999 517.90860467 6370 27164.48 259.09650318
1501286400000 0.009275 0.009549 0.008732 0.008898 37005.4 1501372799999 337.56359911 6159 24175.16 220.43624396
1501372800000 0.008841 0.009068 0.008485 0.008973 48890.39 1501459199999 432.08442324 6044 38647.75 341.38357939
1501459200000 0.009009 0.009051 0.008619 0.008719 39366.16 1501545599999 348.42024538 6286 23883.79 211.42630723
1501545600000 0.008718 0.008748 0.007872 0.007931 38056.42 1501631999999 311.76059725 6148 26844.82 219.55842546
1501632000000 0.007927 0.008337 0.007878 0.00819 42117.78 1501718399999 341.66700611 6093 33665.81 273.02055121
1501718400000 0.008189 0.008194 0.007881 0.008082 33768.25 1501804799999 270.79605416 6068 21787.94 174.68417323
1501804800000 0.008093 0.008323 0.007943 0.00808 40515.88 1501891199999 327.55235945 6012 23894.28 193.36544073
1501891200000 0.008077 0.008141 0.007461 0.007476 38634.31 1501977599999 301.11357553 6006 22874.96 178.58730384
1501977600000 0.007475 0.007485 0.006676 0.006859 23082.65 1502063999999 161.60508013 5568 18031.75 126.30995859
1502064000000 0.006857 0.007061 0.006664 0.006871 45117.78 1502150399999 307.91642732 6046 31513.14 214.75375225
1502150400000 0.006851 0.007977 0.006333 0.006499 39761.7 1502236799999 272.88529615 6249 24630.46 169.17867114
1502236800000 0.006497 0.006574 0.006086 0.006455 78881.97 1502323199999 499.73738426 6364 31285.77 197.5180044
1502323200000 0.006454 0.006579 0.006006 0.00606 87174.35 1502409599999 544.2653366 6692 54329.03 339.35089899
1502409600000 0.006058 0.006112 0.005889 0.005962 58121.36 1502495999999 347.42525788 6267 28361.04 169.54414495
1502496000000 0.00596 0.005997 0.005342 0.005349 45629.79 1502582399999 255.33129675 5952 20513.15 114.07552988
1502582400000 0.005349 0.005755 0.005207 0.005327 64738.85 1502668799999 349.32100664 6348 51330.41 276.44112921
1502668800000 0.005323 0.005629 0.005209 0.005623 104422.33 1502755199999 559.28050982 6710 42035.26 226.05938651
1502755200000 0.005619 0.0065 0.005503 0.005654 150673.07 1502841599999 882.12887007 6892 85738.36 501.71328797
1502841600000 0.005648 0.005999 0.005298 0.005332 127594.04 1502927999999 707.63034745 6641 66995.02 369.73272415
1502928000000 0.005363 0.005366 0.004806 0.005059 61526.24 1503014399999 310.19781706 6034 40312.76 203.55088799
1503014400000 0.005056 0.005083 0.004743 0.004844 106128.27 1503100799999 516.67350861 6305 52890.93 257.69936001
1503100800000 0.00486 0.004959 0.004508 0.004786 73938.06 1503187199999 353.6192717 6020 37442.45 178.87836363
1503187200000 0.004784 0.00493 0.004577 0.004619 58003.21 1503273599999 271.95116338 5771 37738.53 177.17641959
1503273600000 0.004615 0.004624 0.003823 0.004098 88134.46 1503359999999 367.51272874 6251 47134.67 196.75933994
1503360000000 0.004096 0.0045 0.003898 0.004152 118951.56 1503446399999 492.56202744 6634 67035.3 278.17356534
1503446400000 0.004149 0.004831 0.004122 0.004392 113652.59 1503532799999 506.43076433 6390 55888.8 246.59129583
1503532800000 0.004395 0.004406 0.004078 0.004227 71349.69 1503619199999 300.53325058 6019 29622.27 125.23794098
1503619200000 0.004227 0.004534 0.004 0.004148 153150.63 1503705599999 650.66226524 6611 96766.87 413.29446691
1503705600000 0.004146 0.004224 0.003998 0.004117 84061.0 1503791999999 347.25456021 5735 38429.66 159.07196423
1503792000000 0.004118 0.00417 0.003916 0.003972 65516.25 1503878399999 264.21684667 5857 27424.5 110.9043775
1503878400000 0.003971 0.003986 0.003816 0.003876 90720.76 1503964799999 352.67808922 5954 50458.2 196.51253066
1503964800000 0.003876 0.003891 0.003461 0.003469 62851.1 1504051199999 233.42294744 5652 26126.39 96.92051233
1504051200000 0.003495 0.003681 0.0032 0.003278 118529.88 1504137599999 402.31731672 6140 55830.57 190.11357229
1504137600000 0.00327 0.003548 0.002504 0.003283 173462.9 1504223999999 563.89470762 6312 97200.06 312.15364295
1504224000000 0.003297 0.003457 0.003211 0.003358 81705.61 1504310399999 271.99509312 5761 38826.25 129.62920358
1504310400000 0.003369 0.003797 0.003335 0.00356 113626.74 1504396799999 410.34217466 5600 46387.42 167.57837043
1504396800000 0.003516 0.003861 0.00345 0.003673 209308.67 1504483199999 783.72241697 6494 70763.92 263.99729805
1504483200000 0.003675 0.003768 0.002767 0.00324 302748.33 1504569599999 997.35904229 7079 139420.92 459.82397115
1504569600000 0.003237 0.003241 0.002499 0.00276 858734.61 1504655999999 2401.82027045 8749 469579.93 1301.52467347
1504656000000 0.002759 0.003276 0.0022 0.002679 1221903.37 1504742399999 3354.3270056 8258 816246.24 2259.93345065
1504742400000 0.002678 0.003057 0.0025 0.002899 673628.38 1504828799999 1839.83232358 6069 354332.13 974.97659947
1504828800000 0.0029 0.00293 0.002398 0.00271 762962.91 1504915199999 2046.37508226 7201 383938.46 1037.14904035
1504915200000 0.002844 0.002845 0.0023 0.002641 642549.4 1505001599999 1662.81127189 6463 340688.78 892.82391187
1505001600000 0.002638 0.002669 0.002414 0.002523 522115.83 1505087999999 1327.83757062 6567 310638.6 797.73363472
1505088000000 0.002521 0.002525 0.002406 0.002453 268859.02 1505174399999 660.55966503 6052 107719.61 265.10435235
1505174400000 0.002434 0.002898 0.0023 0.002895 566776.05 1505260799999 1466.10989041 7666 352712.66 920.42852353
1505260800000 0.002892 0.002896 0.0024 0.00264 389892.25 1505347199999 1016.95664587 3827 124734.99 328.96826923
1505347200000 0.00264 0.002789 0.0025 0.002565 431467.4 1505433599999 1145.68018246 1400 157509.26 426.15859456
1505433600000 0.002568 0.002759 0.00245 0.002578 754667.38 1505519999999 1939.67396934 1545 329161.1 851.96246698
1505520000000 0.002578 0.002747 0.002401 0.002441 488346.86 1505606399999 1229.23854581 1197 132619.79 337.0603612
1505606400000 0.002442 0.002461 0.00235 0.002449 294887.76 1505692799999 711.65531551 906 109623.79 265.04875958
1505692800000 0.002449 0.00245 0.002261 0.002399 346694.43 1505779199999 816.91602343 899 105025.62 248.72051529
1505779200000 0.002389 0.002389 0.002196 0.002301 623170.1 1505865599999 1446.08107031 5321 340649.47 793.96551001
1505865600000 0.002303 0.002343 0.002123 0.002169 363147.42 1505951999999 805.29250753 6215 142451.04 316.7562027
1505952000000 0.002127 0.002189 0.002072 0.002104 334120.78 1506038399999 703.32039716 5298 138303.35 292.96427788
1506038400000 0.002102 0.0022 0.00208 0.002152 296695.14 1506124799999 630.62669941 5314 116967.36 250.83529771
1506124800000 0.00219 0.002196 0.002005 0.002005 352338.92 1506211199999 736.47992384 5951 137613.33 292.00046969
1506211200000 0.002008 0.002019 0.0019 0.001906 347088.9 1506297599999 684.26764189 5697 83185.4 164.52448109
1506297600000 0.001943 0.001999 0.00188 0.00192 303122.64 1506383999999 582.65276518 5449 120731.26 233.6225208
1506384000000 0.001966 0.002016 0.001897 0.001922 432238.01 1506470399999 844.44244009 5720 215715.65 424.48333762
1506470400000 0.001938 0.002195 0.001917 0.002076 429144.71 1506556799999 876.13458583 5492 167087.42 340.78523311
1506556800000 0.002052 0.002695 0.002043 0.002679 1237036.03 1506643199999 2981.18073427 6839 554414.46 1330.42235092
1506643200000 0.002681 0.002778 0.002367 0.002431 644146.65 1506729599999 1631.69641982 5214 260808.9 665.6723253
1506729600000 0.00243 0.002529 0.00233 0.002372 569900.09 1506815999999 1373.46560478 5463 332398.49 806.25576227
1506816000000 0.002385 0.002459 0.0022 0.002325 529992.38 1506902399999 1242.24577219 5334 228932.77 537.89247286
1506902400000 0.002329 0.00235 0.002162 0.002229 725440.11 1506988799999 1633.97497614 5883 260802.76 593.25124655
1506988800000 0.002229 0.002262 0.0021 0.002166 410211.21 1507075199999 890.18695391 5252 182745.25 398.07217435
1507075200000 0.002148 0.00217 0.002 0.002053 516048.77 1507161599999 1073.33928227 5429 207491.81 434.73999337
1507161600000 0.002054 0.00211 0.001977 0.002072 446413.66 1507247999999 910.21617143 5275 213743.11 438.81186333
1507248000000 0.002069 0.002098 0.001949 0.00195 499273.7 1507334399999 999.33159587 5497 265971.87 534.38233103
1507334400000 0.001949 0.001983 0.001859 0.001876 443407.98 1507420799999 846.31771082 5396 95282.47 183.31153286
1507420800000 0.001879 0.00195 0.001839 0.001933 383283.17 1507507199999 721.44104468 5261 189758.57 359.52016559
1507507200000 0.001932 0.002033 0.00185 0.001896 655989.26 1507593599999 1270.38855461 5935 312784.34 607.85793819
1507593600000 0.001896 0.001935 0.00183 0.001871 506878.87 1507679999999 950.66600239 5651 229137.34 431.62716185
1507680000000 0.001865 0.0021 0.001833 0.002018 696346.49 1507766399999 1328.61313383 6753 360086.54 687.62407597
1507766400000 0.002018 0.002079 0.00188 0.001937 855470.07 1507852799999 1693.63863076 3469 355785.96 707.6152848
1507852800000 0.001937 0.00199 0.0017 0.0017 1042305.34 1507939199999 1912.4681118 2652 172300.74 320.06551424
1507939200000 0.00171 0.001815 0.00169 0.001729 489172.79 1508025599999 858.00177094 3637 222719.36 392.5750539
1508025600000 0.001713 0.00181 0.001687 0.001711 497892.79 1508111999999 858.71730629 4753 269967.52 467.44351995
1508112000000 0.001712 0.001789 0.001612 0.001661 598757.59 1508198399999 1010.04198331 5060 270543.33 459.78902345
1508198400000 0.001661 0.001763 0.001661 0.001746 450533.74 1508284799999 774.81170697 4597 332574.63 571.91102002
1508284800000 0.001746 0.00182 0.00173 0.001757 570678.55 1508371199999 1008.90914856 4938 278213.26 493.88381442
1508371200000 0.00174 0.001915 0.001738 0.001867 797745.28 1508457599999 1468.94810058 5598 409650.59 758.93815545
1508457600000 0.001827 0.001906 0.001768 0.001785 661080.21 1508543999999 1220.98987736 5398 244738.07 456.00038801
1508544000000 0.001784 0.001815 0.00173 0.001754 888243.27 1508630399999 1572.45420153 5634 240064.42 428.34273285
1508630400000 0.001754 0.001801 0.001699 0.001742 555824.92 1508716799999 969.39690833 4650 148716.71 261.78729057
1508716800000 0.001754 0.001779 0.001701 0.001739 446517.13 1508803199999 775.87560553 4944 160633.62 280.28038126
1508803200000 0.001739 0.001755 0.001662 0.00173 748123.03 1508889599999 1283.6285603 5779 200898.99 346.869044
1508889600000 0.001729 0.00175 0.001692 0.001697 543559.37 1508975999999 937.75840358 4652 284605.98 493.20004233
1508976000000 0.001701 0.0018 0.001695 0.001763 890677.99 1509062399999 1569.47579363 5301 455670.45 802.46508598
1509062400000 0.001756 0.001775 0.001692 0.001758 764340.1 1509148799999 1324.11445827 5431 305630.13 531.42162135
1509148800000 0.001758 0.001846 0.001758 0.001823 1210940.61 1509235199999 2190.67377366 5849 587113.34 1062.67320423
1509235200000 0.001825 0.002249 0.001824 0.002196 2101891.26 1509321599999 4265.66523007 10481 919693.0 1862.78728912
1509321600000 0.002196 0.002429 0.0021 0.002315 2135843.7 1509407999999 4834.87823234 9996 1119862.69 2535.6286317
1509408000000 0.002315 0.002587 0.002155 0.00258 1429468.32 1509494399999 3322.67688587 8124 918867.34 2141.18246358
1509494400000 0.00258 0.004364 0.0025 0.00362 3059295.21 1509580799999 9165.93891602 12730 1575671.28 4664.03190793
1509580800000 0.003619 0.004481 0.003303 0.003914 3614914.9 1509667199999 13650.56654383 13616 1880088.52 7154.7976604
1509667200000 0.003918 0.004755 0.00363 0.003954 2719422.64 1509753599999 11453.16591016 11721 1271634.51 5409.94321211
1509753600000 0.003954 0.004336 0.003573 0.00378 1785739.02 1509839999999 7119.1002972 9373 754897.32 3048.90676595
1509840000000 0.003743 0.00389 0.003311 0.003656 2102294.69 1509926399999 7489.77831971 9654 923211.23 3321.87128647
1509926400000 0.003657 0.003657 0.00309 0.003115 1878302.46 1510012799999 6305.26181968 8497 685159.77 2327.18645984
1510012800000 0.003111 0.003318 0.003111 0.00325 1385920.74 1510099199999 4507.30567697 7600 616452.27 2008.2052279
1510099200000 0.00325 0.0039 0.003233 0.003667 1899335.54 1510185599999 6777.69863638 9321 1060185.9 3768.88746929
1510185600000 0.00368 0.003884 0.003463 0.003671 1413367.04 1510271999999 5256.65516444 6927 840105.23 3140.4366534
1510272000000 0.003671 0.003692 0.003356 0.003449 1542825.88 1510358399999 5413.88384168 7155 757652.68 2665.22633166
1510358400000 0.00345 0.00376 0.003362 0.00368 1538968.81 1510444799999 5494.38848367 8497 842902.38 3022.33395708
1510444800000 0.00368 0.003837 0.0034 0.00358 3834351.55 1510531199999 14159.10975521 16401 2010155.97 7452.76430534
1510531200000 0.003584 0.003768 0.00338 0.003718 1604164.92 1510617599999 5813.77711308 6925 1096490.94 3976.62702493
1510617600000 0.003745 0.005 0.003745 0.00497 5300732.75 1510703999999 23924.089666 16905 3053283.57 13698.54639097
1510704000000 0.00497 0.00518 0.0045 0.004965 2888924.45 1510790399999 14016.24720262 11433 1499584.59 7322.45665137
1510790400000 0.005008 0.005699 0.004765 0.005054 2536484.36 1510876799999 13328.66226394 11091 1393228.05 7339.11464723
1510876800000 0.005055 0.005521 0.004801 0.005252 1907967.04 1510963199999 9779.85903691 10042 1040830.7 5338.62333799
1510963200000 0.005252 0.005787 0.00491 0.005574 1755726.96 1511049599999 9531.16400195 9807 1017292.18 5557.76545479
1511049600000 0.005569 0.00574 0.005038 0.005329 1692074.7 1511135999999 9158.7661295 8945 795878.0 4340.17057924
1511136000000 0.005325 0.005678 0.005005 0.005404 2023217.45 1511222399999 10901.70959754 10231 1324883.07 7165.41499842
1511222400000 0.005403 0.00563 0.0051 0.005268 1906645.19 1511308799999 10156.92625834 10056 1070916.01 5738.06689288
1511308800000 0.005269 0.005437 0.004866 0.004939 1475421.18 1511395199999 7548.98767347 9100 710762.36 3651.01140873
1511395200000 0.004922 0.005001 0.004534 0.004639 1171015.88 1511481599999 5644.94825163 7531 655870.59 3172.55649086
1511481600000 0.004634 0.004683 0.003929 0.003957 1568580.13 1511567999999 6766.16166128 9655 727887.48 3154.37198833
1511568000000 0.003959 0.0045 0.003761 0.004476 1742130.16 1511654399999 6982.26679766 9273 886822.07 3560.55360629
1511654400000 0.004451 0.005859 0.004224 0.005216 2890462.7 1511740799999 14392.02113158 14925 1667174.98 8301.18197512
1511740800000 0.005216 0.0062 0.005009 0.00601 2351770.91 1511827199999 13152.66826944 15076 1356111.41 7647.63445771
1511827200000 0.00601 0.006438 0.00575 0.005967 2116737.67 1511913599999 13064.05936444 13032 1183068.6 7340.65156299
1511913600000 0.005974 0.006986 0.00575 0.006393 2468224.91 1511999999999 15306.15563959 14432 1394585.44 8685.36659103
1512000000000 0.006493 0.006715 0.006151 0.006496 1422758.35 1512086399999 9213.22623351 11461 803154.72 5221.51860304
1512086400000 0.006492 0.006987 0.00631 0.006987 1161569.98 1512172799999 7740.34444643 11309 806970.37 5386.49672841
1512172800000 0.006987 0.00868 0.006973 0.008516 1945999.62 1512259199999 14901.85968858 15961 1279355.96 9787.20549989
1512259200000 0.008537 0.008985 0.00757 0.007776 1737921.48 1512345599999 14348.4372072 16411 818564.8 6784.5769325
1512345600000 0.007778 0.00897 0.00773 0.008594 1754985.44 1512431999999 14505.58064216 17858 1134560.68 9419.40166046
1512432000000 0.008573 0.009743 0.008 0.009387 1661036.81 1512518399999 14250.29688399 15760 1037963.55 8912.98846177
1512518400000 0.009387 0.011341 0.009057 0.010705 2259197.37 1512604799999 23507.0849998 20065 1358378.18 14206.96297538
1512604800000 0.010705 0.0108 0.008812 0.009594 2123190.06 1512691199999 20264.18479485 24948 951864.43 9118.27868685
1512691200000 0.009454 0.010649 0.009 0.009552 1537231.06 1512777599999 14717.79469904 21745 951940.15 9175.15313374
1512777600000 0.009416 0.009925 0.008 0.008639 2112300.58 1512863999999 18695.27069298 22901 1170354.75 10413.5717271
1512864000000 0.008659 0.00875 0.008197 0.008576 1594094.3 1512950399999 13478.93013539 21219 911494.83 7705.67224426
1512950400000 0.00859 0.009461 0.00835 0.008451 1749296.9 1513036799999 15324.64463163 18400 1176571.11 10327.28562986
1513036800000 0.008635 0.00939 0.00781 0.008458 2575095.98 1513123199999 22302.74521483 26617 1278567.0 11123.77220305
1513123200000 0.008458 0.01155 0.0082 0.010458 4250568.74 1513209599999 41481.55560799 40456 2496522.1 24432.65944524
1513209600000 0.010463 0.01326 0.009891 0.012168 4530663.69 1513295999999 51595.07988681 44808 2806473.63 31780.27823567
1513296000000 0.012168 0.012555 0.011 0.011731 2491490.98 1513382399999 28884.85534183 27666 1350321.3 15715.56015479
1513382400000 0.011731 0.013099 0.011723 0.012202 1516325.77 1513468799999 18952.50786203 23356 901474.79 11288.47584032
1513468800000 0.012208 0.012613 0.01068 0.011227 1766022.7 1513555199999 20369.99188822 26423 976012.89 11266.32353889
1513555200000 0.011228 0.01165 0.01065 0.011313 1709891.22 1513641599999 19100.6739795 26944 1039308.92 11626.93735421
1513641600000 0.011356 0.01499 0.0112 0.014256 4317980.71 1513727999999 55169.74856701 61054 2626753.47 33514.9851246
1513728000000 0.014255 0.014399 0.012798 0.013169 2099405.77 1513814399999 28474.25038111 38177 1357344.05 18398.44260677
1513814400000 0.013159 0.01427 0.012702 0.013384 2097289.31 1513900799999 28448.78077927 31303 1307406.8 17787.11266705
1513900800000 0.01338 0.0135 0.01171 0.012171 3570271.8 1513987199999 45149.3001963 53264 1817090.01 22987.72935017
1513987200000 0.0122 0.012998 0.01215 0.012329 1852021.98 1514073599999 23334.42381499 27757 1175394.97 14805.04688568
1514073600000 0.012321 0.012495 0.01171 0.012031 1661176.97 1514159999999 20280.6593131 23917 1077541.11 13156.48326209
1514160000000 0.012058 0.01212 0.011 0.01138 1568253.2 1514246399999 18072.08283277 24673 950401.05 10927.63264263
1514246400000 0.011378 0.011749 0.010677 0.011515 1564147.9 1514332799999 17731.87215845 23293 954234.95 10811.13832727
1514332800000 0.011472 0.012494 0.011221 0.011827 1717811.25 1514419199999 20158.88571678 23650 1193912.14 13972.5498976
1514419200000 0.011827 0.011848 0.01092 0.011356 1456758.75 1514505599999 16572.99838902 18314 813314.72 9266.12707418
1514505600000 0.011357 0.011598 0.0109 0.011189 1788052.82 1514591999999 20138.7843709 21146 1221636.28 13752.01928957
1514592000000 0.011188 0.01119 0.009517 0.010428 2577045.19 1514678399999 27194.16788 29166 1655239.35 17452.8292697
1514678400000 0.010428 0.010708 0.010101 0.010428 1960004.66 1514764799999 20345.0461689 25841 1506977.84 15639.73527678
1514764800000 0.010428 0.010598 0.009952 0.010131 1818241.23 1514851199999 18697.8723135 21869 1199337.33 12335.37251816
1514851200000 0.01015 0.01022 0.009067 0.009733 2650019.91 1514937599999 25461.71961692 39868 1709766.06 16385.71210215
1514937600000 0.009733 0.009981 0.008705 0.00998 2782114.29 1515023999999 26021.81414651 33749 1444771.07 13539.07080729
1515024000000 0.00998 0.011439 0.009432 0.010054 3301090.04 1515110399999 34222.69534875 49190 1739799.86 18026.40963471
1515110400000 0.010063 0.010312 0.008826 0.00967 3092385.24 1515196799999 28656.09563858 44704 1978185.6 18311.7797879
1515196800000 0.009664 0.01015 0.009077 0.009764 2528509.92 1515283199999 24007.38628905 30270 1555707.97 14771.08287021
1515283200000 0.009764 0.010685 0.008999 0.009064 2358220.19 1515369599999 22739.35071486 36504 1350505.13 12992.98598753
1515369600000 0.009108 0.009108 0.0077 0.008507 3074994.13 1515455999999 25386.96712521 42951 1764313.79 14487.86500012
1515456000000 0.008507 0.008519 0.007094 0.007162 2453557.25 1515542399999 18994.41660951 31474 1412287.14 10982.01238626
1515542400000 0.007175 0.009209 0.0064 0.009047 4661500.78 1515628799999 35577.66681167 65568 2434791.77 18517.84441218
1515628800000 0.009047 0.01043 0.007802 0.00983 4274054.52 1515715199999 37959.41867035 61709 2507418.72 22361.86711353
1515715200000 0.009809 0.012499 0.009401 0.010887 5134138.27 1515801599999 56409.38816167 96783 2636298.36 28810.3040263
1515801600000 0.010887 0.0145 0.01049 0.011562 7435153.23 1515887999999 92148.49393748 160662 4104090.22 50859.96961997
1515888000000 0.011561 0.011562 0.009782 0.009795 2632099.32 1515974399999 28187.40944475 55809 1534486.99 16446.99786237
1515974400000 0.009795 0.01099 0.009751 0.010078 2388692.39 1516060799999 25000.59483195 53785 1546319.7 16225.17905119
1516060800000 0.010092 0.010564 0.0095 0.009845 3691431.12 1516147199999 37222.68086392 78027 1865119.33 18869.84768925
1516147200000 0.009842 0.0103 0.0096 0.010053 3904057.98 1516233599999 38867.90733075 81137 2428145.63 24222.90417614
1516233600000 0.010047 0.010655 0.009968 0.010209 3397174.51 1516319999999 34972.27990782 57697 1996598.08 20565.08919988
1516320000000 0.010209 0.010822 0.00991 0.01075 3024397.31 1516406399999 31418.52477438 53597 2023729.69 21054.73483503
1516406400000 0.01075 0.013674 0.01073 0.013633 5262819.31 1516492799999 64603.35536599 98600 3258928.19 40002.20470357
1516492800000 0.013656 0.01367 0.011602 0.01281 3688403.64 1516579199999 46209.95369988 74744 2113871.92 26442.79243181
1516579200000 0.012802 0.01402 0.012658 0.013535 3775887.33 1516665599999 50867.0398177 68469 2341738.78 31565.52987608
1516665600000 0.013507 0.01375 0.012732 0.013163 3052947.0 1516751999999 40382.50922489 57727 1929094.68 25485.94037816
1516752000000 0.013163 0.013332 0.01261 0.013146 2411868.2 1516838399999 31354.46954282 45349 1553483.14 20205.98571928
1516838400000 0.0131 0.013799 0.012811 0.013535 2586355.62 1516924799999 34521.14749432 51076 1863157.17 24882.51801197
1516924800000 0.013539 0.013687 0.01308 0.013598 2207990.22 1517011199999 29632.55718144 44964 1651046.04 22163.62819652
1517011200000 0.013599 0.0136 0.012737 0.01287 1647228.53 1517097599999 21916.77181482 33706 1180032.03 15727.18542803
1517097600000 0.01287 0.012928 0.01137 0.011776 1813350.85 1517183999999 21925.24882955 57173 1157705.95 13980.92126166
1517184000000 0.011777 0.011899 0.01137 0.0115 1584718.6 1517270399999 18395.34132347 44764 1236878.16 14368.04105463
1517270400000 0.011499 0.011523 0.01025 0.010483 2418391.85 1517356799999 26574.71277086 65739 1536982.0 16947.55165103
1517356800000 0.010471 0.011156 0.009937 0.010679 2039568.11 1517443199999 21449.65196068 66453 1333711.11 14067.00423515
1517443200000 0.010679 0.010766 0.008602 0.009693 2854730.6 1517529599999 28015.2396004 84999 1645364.05 16286.74497575
1517529600000 0.009689 0.0115 0.009381 0.01101 3678690.84 1517615999999 37981.47591488 92251 2515350.06 25895.96314386
1517616000000 0.01101 0.01155 0.01061 0.010862 2010357.75 1517702399999 22140.3889957 59538 1542852.36 16966.20889563
1517702400000 0.010862 0.011215 0.010492 0.010765 1830856.63 1517788799999 19933.31675994 52425 1373208.28 14951.35135433
1517788800000 0.010765 0.011079 0.01 0.010102 2532168.28 1517875199999 26956.0500342 75818 1785591.19 19026.39206364
1517875200000 0.010102 0.010839 0.009799 0.010532 2798487.54 1517961599999 29153.30114018 72064 1934091.43 20178.38920152
1517961600000 0.010532 0.010733 0.0097 0.01017 2098031.54 1518047999999 21544.58910408 52284 1406369.8 14410.34855107
1518048000000 0.010177 0.01025 0.010141 0.01023 29773.46 1518134399999 304.03850574 665 17408.38 177.77992585
1518134400000 0.010211 0.010987 0.010145 0.010877 1415333.21 1518220799999 14870.22746654 23946 1138988.77 11959.40044951
1518220800000 0.010877 0.010909 0.010233 0.010434 1606473.25 1518307199999 16980.66386861 38484 1103631.96 11635.66122291
1518307200000 0.010434 0.010479 0.010165 0.010259 1517040.07 1518393599999 15592.3335214 47211 1201832.82 12348.33748096
1518393600000 0.010259 0.010609 0.01 0.010539 1839913.06 1518479999999 18990.90061701 50974 1392925.64 14378.64478596
1518480000000 0.010539 0.0106 0.010425 0.010597 1342933.11 1518566399999 14129.27435117 33692 1030037.29 10843.16331864
1518566400000 0.010576 0.010775 0.01038 0.010705 1806986.06 1518652799999 19134.01338003 49955 1372365.38 14538.40433519
1518652800000 0.010703 0.010775 0.01044 0.010619 1273439.19 1518739199999 13498.3219015 33583 906271.16 9612.81919745
1518739200000 0.010619 0.010629 0.01028 0.01046 1286141.85 1518825599999 13375.17293675 28668 856792.09 8899.22956557
1518825600000 0.01046 0.01046 0.01012 0.010281 1494910.11 1518911999999 15384.25784156 32513 1056355.53 10877.06616368
1518912000000 0.010292 0.010309 0.0099 0.009941 1416995.27 1518998399999 14301.98917218 26914 890238.45 8988.82905497
1518998400000 0.00993 0.010146 0.009868 0.010087 1406342.01 1519084799999 14057.63554602 28264 1137438.48 11367.84663781
1519084800000 0.010087 0.01032 0.00998 0.010029 1290388.48 1519171199999 13028.31350675 23326 916141.75 9253.73005037
1519171200000 0.010029 0.010032 0.0097 0.009866 1377428.59 1519257599999 13555.94264282 25396 956655.66 9418.15591762
1519257600000 0.009871 0.009939 0.009501 0.009666 1436832.9 1519343999999 14048.78615273 24703 882764.49 8650.95017171
1519344000000 0.009677 0.00975 0.009523 0.009633 1331831.67 1519430399999 12852.84124944 27031 1015012.36 9801.32717705
1519430400000 0.009633 0.00973 0.009345 0.009458 1675451.01 1519516799999 15938.03829599 29412 1209377.38 11516.72326356
1519516800000 0.009457 0.009466 0.00909 0.009109 1066532.56 1519603199999 9896.52687237 18445 753864.07 6997.21725601
1519603200000 0.009109 0.009465 0.0088 0.009191 1635833.23 1519689599999 14902.09012491 38167 1261156.72 11510.9780305
1519689600000 0.009191 0.00987 0.009049 0.009605 1555715.08 1519775999999 14756.99545327 27993 1205006.63 11412.71755586
1519776000000 0.0096 0.010278 0.0095 0.009555 1595352.08 1519862399999 15616.33400635 33274 1106572.78 10819.60730659
1519862400000 0.009554 0.009836 0.00948 0.009811 1519808.02 1519948799999 14605.47359111 26424 1255903.02 12071.06647764
1519948800000 0.009811 0.009916 0.009199 0.009343 1470513.99 1520035199999 13844.1180321 24960 1155117.84 10849.68172729
1520035200000 0.009343 0.009499 0.009175 0.00924 1049633.2 1520121599999 9764.01859902 22111 880066.31 8185.37249873
1520121600000 0.00924 0.009388 0.009 0.009387 1644931.76 1520207999999 15056.98822594 28103 1411824.58 12928.99857122
1520208000000 0.009387 0.009515 0.00923 0.009349 1259548.58 1520294399999 11841.7062754 20686 993229.85 9337.79018937
1520294400000 0.009349 0.009363 0.008653 0.008772 1542814.2 1520380799999 13958.44401831 24681 1054819.57 9558.65519061
1520380800000 0.008764 0.008985 0.008201 0.008532 2329592.96 1520467199999 20170.6153291 33608 1426225.88 12392.98964193
1520467200000 0.008537 0.00875 0.00824 0.008702 1963903.76 1520553599999 16649.32665027 35789 1604531.69 13611.52966056
1520553600000 0.008701 0.008777 0.008101 0.008299 2001713.76 1520639999999 16632.45497417 28427 1241778.06 10297.61026865
1520640000000 0.008297 0.008627 0.0082 0.008312 1644771.26 1520726399999 13787.01240011 23902 1280854.83 10744.92757726
1520726400000 0.008312 0.00847 0.008145 0.008375 1519447.16 1520812799999 12618.64297255 25336 1257430.06 10441.39691116
1520812800000 0.008374 0.008429 0.00815 0.008208 1597719.01 1520899199999 13208.01792376 29917 1225349.28 10136.61340319
1520899200000 0.008215 0.008568 0.008136 0.008382 1648444.49 1520985599999 13665.12876335 27294 1369780.67 11361.10656113
1520985600000 0.008381 0.008831 0.008225 0.008612 1966933.58 1521071999999 16678.47026981 30450 1642518.19 13936.97111035
1521072000000 0.008612 0.008641 0.008321 0.008386 1583240.59 1521158399999 13362.52977418 25393 1161993.32 9804.07624697
1521158400000 0.00838 0.008533 0.00823 0.00839 1745658.69 1521244799999 14615.51483881 26942 1374268.87 11517.3233611
1521244800000 0.008401 0.008415 0.00825 0.008389 1495412.69 1521331199999 12481.25579145 17946 1293753.46 10802.40197269
1521331200000 0.008389 0.008589 0.008214 0.008574 2622423.18 1521417599999 22026.29905768 34470 1811906.4 15253.13659334
1521417600000 0.008578 0.01123 0.008485 0.011097 2696283.24 1521503999999 25215.96428333 44275 1941574.73 18064.50354529
1521504000000 0.011055 0.011285 0.010291 0.01066 2277393.04 1521590399999 24622.98778183 53679 1574892.8 17046.39924392
1521590400000 0.01066 0.012795 0.010307 0.012298 2730339.01 1521676799999 30544.49168912 53251 1938752.7 21706.84077303
1521676800000 0.012298 0.01315 0.011844 0.01273 2803282.99 1521763199999 34812.14722888 60824 1877855.64 23379.25056003
1521763200000 0.01274 0.013389 0.012171 0.012754 2697500.96 1521849599999 34304.72877763 53290 1785438.55 22731.12532959
1521849600000 0.012754 0.013008 0.0124 0.01245 1757046.98 1521935999999 22336.52632505 30502 1230924.75 15640.6444627
1521936000000 0.01245 0.012799 0.012148 0.012316 1642787.25 1522022399999 20493.50362559 26551 1283878.09 16007.39145129
1522022400000 0.012316 0.012415 0.011301 0.011926 2355026.65 1522108799999 28147.48011543 35562 1549358.81 18581.53922013
1522108800000 0.011926 0.013952 0.011502 0.012936 3031613.9 1522195199999 38716.65819851 56162 1933251.9 24743.29578786
1522195200000 0.012922 0.013959 0.012765 0.013889 2220750.1 1522281599999 30161.03312406 41676 1638263.19 22244.75124467
1522281600000 0.013877 0.0154 0.0138 0.015332 2430550.72 1522367999999 35424.64152836 41610 1656714.94 24097.81270165
1522368000000 0.015331 0.015945 0.01475 0.015264 2053734.2 1522454399999 31608.12578507 43614 1340626.18 20646.36990371
1522454400000 0.01524 0.015302 0.014637 0.015039 1495115.37 1522540799999 22300.36012952 27132 1028449.96 15337.07842447
1522540800000 0.015039 0.015274 0.01415 0.014809 1856001.41 1522627199999 27364.40724504 28523 1304606.35 19235.96315526
1522627200000 0.014807 0.01511 0.013988 0.015099 1901189.26 1522713599999 27961.80087849 30171 1399017.32 20594.8293945
1522713600000 0.015099 0.01511 0.014389 0.014574 1387867.24 1522799999999 20458.22944086 24979 867197.62 12808.92554378
1522800000000 0.014537 0.015089 0.01453 0.014969 1609911.18 1522886399999 23704.88176345 24269 1169350.77 17217.0575219
1522886400000 0.014952 0.016761 0.0146 0.016551 2184028.42 1522972799999 33727.97218431 41419 1697966.79 26195.89241797
1522972800000 0.016534 0.016548 0.015511 0.015734 1926670.89 1523059199999 30696.94650467 38110 1189199.61 18979.15176027
1523059200000 0.015734 0.015734 0.014999 0.015285 1719165.83 1523145599999 26397.39869874 35260 1316687.57 20215.35608507
1523145600000 0.015267 0.015267 0.014791 0.01485 1654134.37 1523231999999 24783.84618539 34934 1355630.29 20317.7574207
1523232000000 0.01485 0.0149 0.013956 0.01466 2202173.49 1523318399999 31874.24724529 49432 1593903.81 23061.94281008
1523318400000 0.014656 0.015097 0.01435 0.014425 1961848.05 1523404799999 28765.96504352 36737 1535323.81 22476.17206479
1523404800000 0.014421 0.0208 0.014139 0.019859 6467519.49 1523491199999 110313.61814656 120139 3999602.58 67044.68891543
1523491200000 0.01986 0.02075 0.017767 0.017907 4949805.97 1523577599999 96733.56809243 123978 2738592.15 53648.17330321
1523577600000 0.017907 0.019499 0.017383 0.017858 2468003.95 1523663999999 44940.17128403 59048 1255554.04 22838.4948747
1523664000000 0.017839 0.018086 0.016541 0.017362 1827537.75 1523750399999 31543.85894716 54340 983547.35 17021.18125092
1523750400000 0.017351 0.01736 0.0151 0.015929 2970013.66 1523836799999 47905.15779044 68555 1816556.82 29332.07167418
1523836800000 0.015922 0.016248 0.0156 0.015874 2057699.27 1523923199999 32575.11408488 41722 1430490.13 22634.34132042
1523923200000 0.015833 0.017705 0.015832 0.016864 2812964.9 1524009599999 47832.02671702 62280 1643159.47 27916.93022674
1524009600000 0.016832 0.0176 0.016721 0.017184 2102858.21 1524095999999 35861.81932581 44304 1575405.69 26869.65193808
1524096000000 0.017203 0.01725 0.016401 0.016646 2026953.0 1524182399999 34112.41846689 36458 1391374.85 23405.95203438
1524182400000 0.01661 0.019398 0.016604 0.018553 3721662.46 1524268799999 66882.63660137 73938 2566908.09 46040.26576014
1524268800000 0.018611 0.018918 0.01752 0.018341 2931770.46 1524355199999 53026.78256473 57594 1708775.47 30891.67096682
1524355200000 0.018336 0.019077 0.017855 0.018159 2016384.07 1524441599999 37184.43467476 46761 1261953.81 23227.32102536
1524441600000 0.018185 0.018378 0.01779 0.017999 2077982.13 1524527999999 37454.42618088 39092 1519420.07 27368.25941886
1524528000000 0.017999 0.022742 0.017991 0.02139 5021137.5 1524614399999 100896.59146714 114596 3368499.76 67333.59339082
1524614400000 0.0214 0.023856 0.0211 0.023354 4735275.08 1524700799999 106122.80982971 121164 3008648.25 67387.81960944
1524700800000 0.023359 0.024099 0.02261 0.023332 2512990.97 1524787199999 58408.80834337 72590 1735434.88 40254.49166162
1524787200000 0.023345 0.0264 0.022741 0.025778 3343766.23 1524873599999 81553.65711208 94870 2217225.23 53755.15905918
1524873600000 0.025769 0.028247 0.025664 0.027481 3842759.96 1524959999999 104532.46917974 110460 2441017.49 66348.16785937
1524960000000 0.027481 0.033261 0.027433 0.031049 5172722.95 1525046399999 156317.31690083 165472 3205808.16 96806.87530926
1525046400000 0.03106 0.0312 0.02485 0.026071 4882087.41 1525132799999 131728.68473595 151414 2845555.22 76800.99614527
1525132800000 0.026032 0.028267 0.02459 0.027926 3517454.46 1525219199999 91250.63361764 105435 2292370.74 59298.18320612
1525219200000 0.027926 0.028729 0.02677 0.027854 2616816.33 1525305599999 72125.00536507 78710 1930196.68 53193.46671616
1525305600000 0.027858 0.027995 0.02211 0.02267 4019206.22 1525391999999 99556.67946654 107791 2545824.21 63329.03101906
1525392000000 0.022663 0.02354 0.0205 0.021695 3469656.75 1525478399999 76333.55934943 73877 2225101.09 49050.28813575
1525478400000 0.021695 0.02366 0.02137 0.02161 2643585.76 1525564799999 59133.5405613 58599 1809208.35 40408.16461709
1525564800000 0.021607 0.022929 0.020491 0.02185 3196051.68 1525651199999 68744.38134855 71693 2556793.98 54905.48559961
1525651200000 0.02185 0.025122 0.021835 0.02357 3832391.71 1525737599999 91147.69280848 95948 2516672.05 59532.59389326
1525737600000 0.02357 0.025 0.022875 0.023908 2806531.02 1525823999999 67482.11822468 64181 2148547.53 51651.19577043
1525824000000 0.023902 0.02426 0.023277 0.023597 2040636.09 1525910399999 48449.85703843 47063 1661478.14 39429.18591426
1525910400000 0.023597 0.024444 0.023243 0.023962 2348633.79 1525996799999 56171.16333593 50369 1854311.87 44388.4112311
1525996800000 0.023953 0.0241 0.02373 0.023851 156695.07 1526083199999 3747.16020733 5425 91797.01 2195.03395441
