1502928000000 301.13 312.18 298.0 302.0 7030.71034 1503014399999 2154655.3003566 4522 6224.58999 1908705.3685302
1503014400000 302.0 311.79 283.94 293.96 9537.84646 1503100799999 2858946.5093539 5658 7452.43542 2240813.2612264
1503100800000 293.31 299.9 278.0 290.91 2146.19773 1503187199999 620022.5898617 1795 1537.9755 444713.6122086
1503187200000 289.41 300.53 282.85 299.1 2510.13871 1503273599999 742847.8945599 2038 2186.68739 647506.0620205
1503273600000 299.1 346.52 294.6 323.29 5219.44542 1503359999999 1689472.341214 3925 4004.19967 1297977.4231142
1503360000000 321.04 330.41 144.21 309.8 7956.35088 1503446399999 2454425.8033137 6577 4433.78132 1364472.488333
1503446400000 312.25 324.99 309.41 315.74 8665.72569 1503532799999 2753464.9450408 8540 2282.23633 728206.9176149
1503532800000 315.74 328.04 314.01 323.42 6753.27192 1503619199999 2159417.1141537 6495 1901.90029 610929.1471679
1503619200000 323.42 338.28 323.42 327.24 7125.96962 1503705599999 2354162.038294 7452 2595.82561 859314.6835184
1503705600000 327.24 335.44 323.41 330.79 4877.68521 1503791999999 1601994.3773166 4400 941.99655 311132.2631003
1503792000000 332.18 348.13 330.73 348.13 4635.43715 1503878399999 1554477.3581603 4973 1166.20029 392130.1151986
1503878400000 348.11 351.0 331.95 346.0 4279.1817 1503964799999 1463758.1691041 4526 1114.26279 383473.9889103
1503964800000 347.0 377.6 346.0 374.7 3032.13425 1504051199999 1102069.6205809 3265 923.16784 334768.8104693
1504051200000 374.7 393.71 362.05 385.93 4446.59608 1504137599999 1679526.2125115 4812 1285.37799 487837.7447577
1504137600000 384.64 389.36 377.78 384.79 4435.86855 1504223999999 1704441.3942666 4574 1432.19381 550808.610884
1504224000000 386.44 394.39 383.18 388.46 4198.68434 1504310399999 1635227.6137661 4124 1564.05531 609630.9497713
1504310400000 388.58 394.32 320.08 343.14 8240.32724 1504396799999 2904008.4613861 8217 2460.66776 868487.2833919
1504396800000 343.56 367.28 320.08 341.77 5253.62211 1504483199999 1801702.6178029 6153 2240.91753 767938.2521776
1504483200000 339.29 344.55 267.94 283.77 6737.81061 1504569599999 2002446.181802 7403 2954.16805 877011.1066647
1504569600000 286.81 321.52 235.55 312.09 8344.41924 1504655999999 2397490.9178386 8999 4312.97282 1251958.9913116
1504656000000 313.29 336.34 312.09 335.0 5486.30988 1504742399999 1793962.8584994 7089 2183.65363 713126.1017199
1504742400000 335.01 342.5 320.17 334.49 3103.89745 1504828799999 1027135.6869524 2635 1321.09841 438034.1732964
1504828800000 334.49 335.1 272.0 302.99 4915.75693 1504915199999 1494309.8866163 3227 2306.94838 698362.8493954
1504915200000 300.01 307.0 281.66 296.74 2740.58822 1505001599999 813750.3589359 1956 1755.91508 520754.9145735
1505001600000 296.72 302.78 261.03 293.5 4156.45099 1505087999999 1181903.7721999 2494 2282.40311 651266.4580305
1505088000000 293.51 304.98 285.21 297.3 4829.64647 1505174399999 1436811.8161569 3490 2412.24221 718382.7521632
1505174400000 297.78 316.46 286.01 293.96 5176.31402 1505260799999 1573452.4124519 5279 2207.60465 671349.2542697
1505260800000 293.93 294.5 257.05 276.91 6451.22836 1505347199999 1761080.8976069 4527 3264.55673 890399.3695974
1505347200000 275.76 283.77 215.0 215.21 12601.95676 1505433599999 3110767.7805647 8166 4455.23882 1100931.1454267
1505433600000 217.0 270.93 192.0 253.0 14223.8953 1505519999999 3319311.826735 9198 5945.8076 1386660.0368027
1505520000000 255.99 271.81 235.51 249.31 10362.06011 1505606399999 2647152.3723708 8859 3866.60141 995005.3267045
1505606400000 249.32 264.39 239.02 257.55 4614.53337 1505692799999 1149704.2949294 5277 1442.00382 360268.4738608
1505692800000 257.53 306.22 257.11 294.57 4125.97051 1505779199999 1182937.633574 3440 2342.68408 669740.5214988
1505779200000 296.0 300.0 277.41 284.0 1869.90852 1505865599999 535773.5652001 1896 789.82937 226839.7065421
1505865600000 284.01 294.0 275.91 282.0 1060.56734 1505951999999 302739.7337531 1431 566.64637 162290.4185872
1505952000000 285.1 287.0 252.1 257.0 1912.55583 1506038399999 516193.1970608 2751 579.77742 156157.9954675
1506038400000 258.0 272.97 253.01 264.0 1464.5125 1506124799999 382962.217943 2144 612.61937 160401.2878139
1506124800000 259.99 286.23 255.11 285.93 2824.33572 1506211199999 788810.3244239 3901 841.43467 233418.256899
1506211200000 286.5 294.61 275.0 282.0 5575.54422 1506297599999 1582877.4871329 8022 1314.52754 373569.556758
1506297600000 282.0 299.0 281.34 294.42 5870.48035 1506383999999 1705551.9921018 9165 1950.58866 567363.4490881
1506384000000 294.42 296.81 286.24 287.9 4566.92804 1506470399999 1332125.1654396 7329 1073.93969 313528.6412562
1506470400000 289.91 313.0 286.13 309.74 5518.10382 1506556799999 1641896.8743651 8208 1276.45702 380606.4657897
1506556800000 309.81 311.81 296.89 302.44 6600.90922 1506643199999 2009233.8887105 10534 2210.54916 674345.9209191
1506643200000 302.44 303.0 274.0 292.22 11089.19902 1506729599999 3213725.0903979 13098 5176.62946 1501566.8615152
1506729600000 292.62 307.49 292.22 304.36 4020.60795 1506815999999 1214456.8380462 8168 1645.11941 497660.508059
1506816000000 305.13 306.0 294.0 303.95 5060.05758 1506902399999 1518988.30299 8900 1496.73509 449595.1195591
1506902400000 303.94 305.0 295.0 296.5 3710.83747 1506988799999 1116501.2248122 7454 1398.52021 421273.0243823
1506988800000 298.15 301.99 283.18 292.48 5546.85702 1507075199999 1622460.7267746 9327 2105.27684 616540.7336968
1507075200000 292.47 297.97 288.0 291.99 4014.88792 1507161599999 1176260.2171869 7233 2030.795 596758.0568808
1507161600000 290.0 297.44 285.53 294.81 3412.39016 1507247999999 994768.4954065 6125 1684.82069 492521.5792853
1507248000000 294.78 310.8 293.78 310.8 3541.02359 1507334399999 1063779.3539251 6064 1965.17959 590729.7618607
1507334400000 309.9 318.5 303.6 311.01 2165.79076 1507420799999 672026.6685328 4289 1031.34817 320575.6411122
1507420800000 311.08 317.07 309.0 311.07 2960.93198 1507507199999 923989.787554 6247 1069.23508 334539.357012
1507507200000 311.13 312.13 286.65 297.19 4885.37863 1507593599999 1462524.6249531 8680 1575.93338 472759.5852128
1507593600000 297.35 308.56 293.0 298.64 6749.27468 1507679999999 2028540.4729273 9392 3979.8636 1200692.0389299
1507680000000 300.88 305.5 298.02 304.01 3724.6863 1507766399999 1125331.5033572 4079 1923.79902 581977.2978289
1507766400000 304.01 310.0 302.71 303.99 7827.75596 1507852799999 2397065.1633671 4956 3436.20226 1053317.9715572
1507852800000 303.52 353.96 297.0 337.96 17925.36585 1507939199999 5832987.2559101 9898 7538.17104 2469530.2629596
1507939200000 337.96 349.8 335.0 342.0 7731.96469 1508025599999 2655702.1145455 5703 3790.50687 1304246.7919927
1508025600000 342.0 348.0 316.17 337.96 10011.34708 1508111999999 3326752.5971166 6822 4957.44824 1652285.7219957
1508112000000 337.5 354.0 332.78 335.19 8663.47097 1508198399999 2956522.0417874 6586 4424.03339 1511172.9129401
1508198400000 335.18 336.58 312.65 315.19 8146.74356 1508284799999 2638150.8892904 6837 3297.06736 1069520.4162513
1508284800000 315.19 318.0 284.68 309.7 12908.0454 1508371199999 3915770.1544675 9801 6592.08304 2005598.3141489
1508371200000 311.52 315.0 300.0 308.66 8678.74739 1508457599999 2675399.8602425 6769 4110.58984 1269506.2481589
1508457600000 308.66 311.18 302.0 304.51 8739.31764 1508543999999 2667391.8997551 6812 3042.73881 932164.5043713
1508544000000 304.51 305.34 290.0 298.94 8591.63121 1508630399999 2558677.4115428 6343 4286.76965 1278052.9283119
1508630400000 298.99 306.99 290.0 293.79 7173.06893 1508716799999 2120546.5470225 5828 3305.51785 977321.1430991
1508716800000 293.78 294.6 272.2 281.09 9658.78404 1508803199999 2743010.9877028 6524 5255.49466 1493898.2383324
1508803200000 282.27 310.0 275.5 297.38 14066.67924 1508889599999 4253110.3195806 8026 8185.36518 2480346.5383804
1508889600000 295.43 300.0 281.0 294.49 9703.09261 1508975999999 2840747.3846263 6796 4062.96246 1191187.6521059
1508976000000 294.1 299.76 291.03 294.71 7813.02717 1509062399999 2306446.3337328 6557 3502.44576 1034906.2906169
1509062400000 294.72 298.1 292.03 296.33 6272.14802 1509148799999 1852704.4161056 5899 2478.34843 733169.1511911
1509148800000 296.14 297.0 290.1 291.87 5848.86589 1509235199999 1715796.7941936 5589 2343.52663 688114.5248454
1509235200000 291.86 309.4 291.86 305.0 9019.13315 1509321599999 2716332.8153886 6947 3673.09724 1108293.788686
1509321600000 305.0 316.0 302.1 307.25 8946.12026 1509407999999 2751568.6365363 6421 4751.89487 1464093.3140304
1509408000000 305.95 309.99 304.01 304.9 7640.41182 1509494399999 2347542.8648317 7744 3070.74748 944596.8343661
1509494400000 304.89 305.9 286.34 287.01 9843.1666 1509580799999 2948801.7063006 12038 3264.6181 981818.7579919
1509580800000 287.3 293.0 274.73 283.12 13423.8572 1509667199999 3810829.6596733 13600 4726.14435 1347012.8971022
1509667200000 283.12 307.0 282.0 304.08 8194.03465 1509753599999 2400297.6347816 8973 3439.34248 1009675.1728016
1509753600000 304.09 304.99 292.11 298.04 7828.41744 1509839999999 2333944.7608054 9036 3652.33313 1089665.5338768
1509840000000 298.1 302.14 293.13 295.53 6638.42119 1509926399999 1974433.013513 7513 3403.76089 1013349.9678548
1509926400000 295.19 305.58 290.11 297.97 7515.50103 1510012799999 2233482.6122626 7898 2768.12495 823872.9723537
1510012800000 297.25 303.52 287.0 291.78 9418.57881 1510099199999 2765345.5827772 8788 3541.77071 1041355.9371219
1510099200000 291.31 320.0 290.02 303.02 15961.85772 1510185599999 4839176.806813 14402 7621.19678 2314876.9042327
1510185600000 303.6 329.0 299.5 317.87 11151.29946 1510271999999 3527294.7503346 8208 5438.08042 1718346.8231336
1510272000000 318.5 322.65 285.82 293.5 15597.16557 1510358399999 4762536.5850516 9253 7799.9111 2384691.4816294
1510358400000 293.52 318.0 291.91 310.02 10850.16279 1510444799999 3282643.0277861 8646 5001.69556 1515726.7324973
1510444800000 310.87 316.99 281.01 305.24 21123.15319 1510531199999 6345603.7706789 13661 9589.62986 2900669.9964922
1510531200000 304.0 318.88 303.7 312.99 15551.67434 1510617599999 4852265.3955649 9066 7170.70938 2242103.2845542
1510617600000 313.0 337.54 312.94 335.61 17709.2227 1510703999999 5756893.4527936 11711 8919.59659 2901086.0739194
1510704000000 335.6 339.0 324.0 331.33 15597.16131 1510790399999 5178507.4572747 10036 7036.5064 2338129.6177232
1510790400000 330.98 334.75 321.41 331.49 14145.71696 1510876799999 4638262.2625835 9493 6014.42341 1974043.7196371
1510876800000 331.49 334.6 323.84 331.23 18042.02544 1510963199999 5954175.9400211 11548 9389.65878 3102187.4682219
1510963200000 331.2 349.9 326.01 346.66 14361.4973 1511049599999 4780354.335408 10690 7672.43904 2559237.1123193
1511049600000 346.66 373.56 343.07 354.15 19397.74898 1511135999999 6895884.0624029 10509 9931.92637 3532022.4845988
1511136000000 355.15 372.5 353.9 367.42 18277.0194 1511222399999 6600961.958264 11553 9171.44481 3318132.2571167
1511222400000 367.42 375.5 350.02 362.12 26237.64398 1511308799999 9556690.2312402 14762 12579.43792 4586895.6041716
1511308800000 362.12 384.84 359.0 380.65 18121.58484 1511395199999 6654403.0898495 10386 9745.17516 3590374.5272574
1511395200000 380.63 425.0 370.02 405.0 25409.00111 1511481599999 10084943.0895568 12731 14505.14543 5758239.6340983
1511481600000 405.03 475.0 392.8 469.0 30398.35831 1511567999999 13089282.2114721 15706 15383.97249 6660202.9646325
1511568000000 467.57 484.47 450.0 461.82 21428.63117 1511654399999 9958206.2564553 13282 9560.74839 4449274.4617491
1511654400000 461.0 465.0 436.14 462.84 21691.11759 1511740799999 9854650.9432016 13955 9455.95178 4305399.4791836
1511740800000 462.84 486.94 453.0 472.31 23761.11416 1511827199999 11199192.4016095 15797 10794.57638 5093374.5782972
1511827200000 472.32 477.5 453.5 466.17 23967.24816 1511913599999 11224970.9334287 12944 10904.08622 5113522.343179
1511913600000 466.17 515.0 385.0 421.7 51313.49571 1511999999999 23657537.251193 23835 23825.39377 11029389.6810454
1512000000000 421.92 460.0 387.01 427.43 45184.22265 1512086399999 19125706.0007665 22805 24018.42012 10172953.0960846
1512086400000 428.05 465.97 413.74 457.51 33072.21995 1512172799999 14471054.869735 19944 19043.24922 8328610.9814412
1512172800000 457.53 471.91 445.0 457.63 25796.14 1512259199999 11883272.7996642 18388 12336.59141 5685998.3052922
1512259200000 457.31 485.9 440.11 460.3 24490.05997 1512345599999 11436416.9241977 21404 12239.10293 5721801.0534579
1512345600000 460.3 470.98 445.0 466.67 23182.65949 1512431999999 10662508.8497644 20049 11708.14715 5390172.6977393
1512432000000 466.66 468.67 445.21 452.26 25387.11695 1512518399999 11663673.2864895 19373 12902.22244 5935255.777238
1512518400000 452.26 455.1 400.0 411.01 38638.76036 1512604799999 16767914.2566097 24522 16000.21644 6945785.8997376
1512604800000 413.5 427.61 375.01 406.33 41343.73269 1512691199999 16842079.0919012 30163 17174.99356 7025122.8121147
1512691200000 406.52 456.78 390.0 442.56 41064.60305 1512777599999 17430991.9590521 42348 17149.6329 7318210.6244088
1512777600000 442.56 488.0 426.4 460.0 41918.34044 1512863999999 19341744.4130386 35517 20439.87165 9429536.5339238
1512864000000 460.0 460.05 403.2 427.35 34919.25938 1512950399999 15125760.6157025 32416 15317.92712 6644966.0107937
1512950400000 427.35 512.0 427.35 508.7 29763.16644 1513036799999 13776239.5826501 28773 14163.91481 6587249.8411079
1513036800000 508.44 639.27 494.89 620.0 59387.02259 1513123199999 33241867.0335295 66420 30066.72168 16943769.8414255
1513123200000 622.0 705.69 539.93 683.99 57694.18773 1513209599999 36344921.4647994 55759 28508.57887 18035820.0508494
1513209600000 683.98 747.6 630.5 679.76 60919.26902 1513295999999 41882857.095261 51279 30685.47276 21096463.0982719
1513296000000 679.76 689.0 594.6 674.95 39778.16165 1513382399999 25891535.6969439 38469 17125.09695 11225974.5947701
1513382400000 673.75 712.0 669.22 682.81 26866.0533 1513468799999 18466770.7325109 25236 12518.18939 8621540.3507179
1513468800000 681.8 728.0 680.33 707.64 31398.4476 1513555199999 22242667.2153362 36094 16831.51917 11929457.9022288
1513555200000 707.62 798.88 638.0 784.0 45673.70777 1513641599999 32799947.5744694 40460 25894.22216 18738099.8282732
1513641600000 784.0 864.9 729.01 798.0 69423.62125 1513727999999 55123972.0160901 57020 35335.29681 28200283.2140873
1513728000000 798.0 828.0 661.0 790.21 72526.28416 1513814399999 55604509.7531012 58344 31819.17997 24498518.3699567
1513814400000 794.62 845.99 705.98 782.41 78222.53998 1513900799999 62052521.6509025 57627 42391.625 33836866.1276715
1513900800000 784.0 796.0 504.99 635.97 154630.49482 1513987199999 98661808.4822484 113138 72411.90221 46364952.4994994
1513987200000 635.15 714.99 627.97 640.34 79001.05634 1514073599999 53738833.8806143 79260 42804.08114 29157507.58909
1514073600000 640.33 667.64 563.49 658.0 95431.94156 1514159999999 59101715.1506293 108808 46121.82453 28654615.7197555
1514160000000 659.4 744.0 599.99 714.95 78544.84102 1514246399999 55108579.6840084 86060 43032.9593 30201608.5770915
1514246400000 713.12 750.0 712.56 750.0 60052.47905 1514332799999 44216631.9019637 78690 31422.6779 23139437.7568363
1514332800000 750.0 766.05 693.18 739.89 51339.2782 1514419199999 38102246.9866603 72364 25938.69371 19278946.1906518
1514419200000 739.89 744.93 645.88 707.89 72679.61288 1514505599999 50030889.1110455 94413 35865.49648 24731619.6928581
1514505600000 709.5 757.87 703.0 733.99 64028.12647 1514591999999 46838775.8175808 89024 31777.71602 23266046.7578367
1514592000000 732.9 735.0 635.82 681.06 89879.99994 1514678399999 61752153.6610781 123765 41572.44573 28554635.9955721
1514678400000 680.01 740.0 672.86 733.98 62628.24458 1514764799999 44570894.7990617 92610 32109.79685 22872625.2943459
1514764800000 733.01 763.55 716.8 754.99 53909.25885 1514851199999 40049370.5949261 75314 27993.21701 20800946.8231706
1514851200000 754.99 899.5 749.06 855.28 113257.78355 1514937599999 95749946.0604656 142511 59298.38305 50193115.7271776
1514937600000 855.13 950.01 810.0 934.03 89041.45688 1515023999999 78173093.7121992 118866 46899.16696 41196862.5515844
1515024000000 934.03 1009.72 890.01 940.0 102894.47384 1515110399999 97740086.5903057 132633 56497.66029 53871687.7728847
1515110400000 940.0 1045.0 930.0 959.3 97374.0163 1515196799999 95739901.4760194 124438 46202.53716 45538935.0137935
1515196800000 958.0 1017.56 950.0 1004.11 71954.27895 1515283199999 71196052.3406679 91685 37424.43173 37089109.9630939
1515283200000 1003.71 1125.0 999.9 1123.09 65278.81957 1515369599999 70126945.1735654 89192 34849.04095 37476141.639477
1515369600000 1123.09 1239.18 910.0 1133.18 158831.54798 1515455999999 176599793.2112688 171664 80909.60102 90225877.051448
1515456000000 1133.18 1326.5 1104.85 1291.0 118702.88684 1515542399999 143246762.0845697 152628 63819.94883 77223073.2593113
1515542400000 1291.0 1440.0 1201.1 1247.0 160185.0129 1515628799999 210902815.468832 191352 80897.55541 106746349.5962319
1515628800000 1249.03 1332.49 1021.0 1138.93 194546.29387 1515715199999 230792205.8753742 210914 90313.17614 107408785.9609798
1515715200000 1136.45 1288.5 1069.01 1253.87 93763.47261 1515801599999 113367281.7651159 117851 47727.57553 57769541.83741
1515801600000 1253.87 1427.01 1252.0 1388.02 75893.43201 1515887999999 101824625.2584041 115872 40759.98465 54700348.3927376
1515888000000 1388.1 1391.89 1220.89 1347.0 98391.19585 1515974399999 128517479.7160451 124920 49243.39136 64308202.7723454
1515974400000 1347.99 1383.13 1258.12 1271.0 69236.70476 1516060799999 90732886.2410553 105410 32880.54134 43133689.3977902
1516060800000 1268.67 1275.01 780.0 1000.0 343889.36509 1516147199999 355819297.4570526 304696 158932.38241 165083928.9477661
1516147200000 999.99 1075.51 755.0 1000.0 436333.67326 1516233599999 398063123.6629532 391331 215412.88029 196978642.4324564
1516233600000 1000.0 1075.2 924.21 994.0 294545.71207 1516319999999 296964713.7063301 278162 148139.9152 149318397.0976687
1516320000000 993.3 1079.0 941.0 1032.5 167954.11253 1516406399999 171217738.3162249 171662 87251.7821 89102808.3026231
1516406400000 1032.5 1165.4 1031.0 1152.75 123352.58362 1516492799999 137333158.1283754 139129 59469.5144 66105659.5594806
1516492800000 1150.37 1152.69 998.0 1049.0 175031.00789 1516579199999 186353755.5731615 189013 84495.91903 90104698.1508604
1516579200000 1049.0 1090.15 908.0 993.0 185212.52002 1516665599999 185276703.3811457 200594 85196.91919 85315603.8656553
1516665600000 993.0 1030.0 909.0 980.0 160159.63958 1516751999999 156053774.3099319 188114 77990.7803 76164110.4313036
1516752000000 981.2 1074.0 953.09 1061.0 134257.7947 1516838399999 135793371.3035906 164024 65704.16239 66618089.3535422
1516838400000 1060.34 1115.0 1030.26 1056.52 119415.93495 1516924799999 127855243.1699191 140455 51616.93186 55173677.0704642
1516924800000 1055.29 1082.0 986.0 1051.03 145113.638 1517011199999 150237011.3005197 168271 65457.65737 67827452.978534
1517011200000 1051.03 1127.99 1032.2 1118.99 96894.33839 1517097599999 105043056.376824 130125 45766.53699 49629825.8915159
1517097600000 1118.99 1277.0 1112.0 1251.96 143510.73586 1517183999999 173283524.8751675 191653 75218.37986 90855763.2896522
1517184000000 1251.96 1258.89 1161.65 1177.01 105292.76808 1517270399999 126282956.2386049 172601 48840.57937 58534935.1906222
1517270400000 1177.01 1186.85 1051.0 1085.5 155278.55404 1517356799999 173857602.7647266 257484 69602.77847 78061183.2582835
1517356800000 1084.63 1135.0 1029.0 1124.81 100372.03783 1517443199999 109226169.403087 191394 50640.76647 55078099.4151502
1517443200000 1125.96 1164.99 981.0 1041.94 203355.29052 1517529599999 220810878.7313509 343466 103607.53527 112587064.5023398
1517529600000 1041.89 1047.2 783.67 922.3 377375.22874 1517615999999 348077470.8172215 501434 181803.82775 167889492.1872215
1517616000000 923.67 998.0 851.0 971.0 160037.88129 1517702399999 150132852.1698307 277958 81177.46937 76165426.970837
1517702400000 971.0 975.0 789.0 823.56 186446.0316 1517788799999 163419119.0113931 291397 85023.08997 74574008.4471011
1517788800000 821.6 862.47 634.94 697.92 365516.52899 1517875199999 270801309.654192 430516 172545.91147 127791783.267036
1517875200000 697.93 798.0 570.1 779.25 648944.4204 1517961599999 435291131.0454776 685832 322992.49713 216518421.1619993
1517961600000 779.99 849.0 714.18 754.0 356403.4441 1518047999999 282259408.6878273 394597 175794.37713 139230064.6650117
1518048000000 753.19 786.93 751.0 781.66 10516.2619 1518134399999 8110366.5479331 8507 5608.73717 4322984.755671
1518134400000 781.66 882.2 781.66 877.0 95447.67289 1518220799999 81316368.0204354 196544 48219.20627 41065080.6921289
1518220800000 876.3 911.2 800.0 851.15 214818.06768 1518307199999 184921264.9754071 342039 106790.73578 91838495.0190343
1518307200000 851.15 857.0 768.28 808.99 189323.408 1518393599999 154647315.018998 318895 93816.64268 76606662.6260783
1518393600000 808.58 877.56 807.46 866.66 143586.93121 1518479999999 122610007.8569921 300970 71318.44048 60931441.31271
1518480000000 866.39 871.0 820.0 841.57 110305.93537 1518566399999 92966057.3765568 234604 52069.10892 43902195.1234439
1518566400000 841.57 924.99 841.3 919.09 150342.85558 1518652799999 133514830.8970484 297425 77859.33104 69115076.3694915
1518652800000 919.09 946.66 895.59 924.55 155637.78524 1518739199999 143817533.1415603 308893 75296.76352 69608824.8270431
1518739200000 924.55 948.48 901.36 938.67 115540.16349 1518825599999 107292023.6432389 247188 58076.47841 53965172.1557634
1518825600000 938.6 974.0 933.48 969.99 110091.03618 1518911999999 105637458.5323033 224139 55838.89511 53589187.4053372
1518912000000 969.99 978.5 897.0 911.0 160129.79518 1518998399999 149501060.8539962 287445 76779.45418 71653112.0380931
1518998400000 911.0 956.22 906.04 938.11 80099.49534 1519084799999 75083849.3754466 188985 39939.92617 37449846.3956181
1519084800000 939.17 961.0 873.0 882.99 120056.67502 1519171199999 111258169.9826999 225795 51589.65011 47882656.040607
1519171200000 882.99 908.88 812.87 835.89 176200.55151 1519257599999 151739402.984687 324214 87081.7441 75003256.8474594
1519257600000 836.35 871.96 786.6 801.49 137561.85113 1519343999999 112939926.7169096 265430 66047.98885 54235297.7222719
1519344000000 801.47 885.0 785.99 851.6 154507.41338 1519430399999 130147658.0064479 283445 78138.49259 65812197.0236692
1519430400000 851.59 875.0 805.0 833.94 89311.5794 1519516799999 75082869.2722153 180745 42475.83266 35742853.266445
1519516800000 833.92 849.5 813.18 841.19 59431.26474 1519603199999 49520472.1940726 134040 30059.73273 25066747.7849579
1519603200000 841.46 882.0 833.0 867.98 74911.4656 1519689599999 64498089.203572 135463 40273.49778 34652951.8929183
1519689600000 867.98 897.49 860.69 870.11 63487.68425 1519775999999 55793476.980172 113151 31371.55804 27569970.8534677
1519776000000 871.84 891.0 850.3 853.5 53620.45209 1519862399999 46744924.419776 102553 27052.02562 23576664.6200103
1519862400000 853.5 879.96 848.65 870.63 43785.00503 1519948799999 37976139.7517369 89476 22585.284 19603857.3372767
1519948800000 870.63 876.22 850.0 856.28 39436.26006 1520035199999 34068626.3832595 77178 18068.41456 15614620.3165237
1520035200000 856.27 870.78 852.3 856.02 34170.2942 1520121599999 29487108.37488 65375 15376.6757 13272220.3421983
1520121600000 856.51 868.0 836.24 866.66 29735.01829 1520207999999 25364732.8643644 64562 15317.96521 13061032.8651228
1520208000000 866.61 871.75 847.2 849.84 30567.79813 1520294399999 26391332.1546758 61568 12799.98986 11065449.0868575
1520294400000 849.81 853.18 803.01 813.11 48658.06883 1520380799999 40340972.8329127 90220 22191.73389 18401910.6237253
1520380800000 813.31 826.2 718.4 749.9 109013.2838 1520467199999 83030975.9043689 157657 48470.06648 36781464.4111463
1520467200000 749.02 772.07 684.0 695.46 76312.77819 1520553599999 55751521.7845615 124325 36044.5051 26338275.2988589
1520553600000 695.48 727.92 640.0 723.71 116545.37303 1520639999999 79262060.7540076 174238 60668.11131 41319376.2504164
1520640000000 723.65 745.0 673.06 680.58 63012.67972 1520726399999 45345997.5042329 98429 31800.29863 22911200.9915119
1520726400000 680.58 735.0 659.15 720.85 73967.35869 1520812799999 51773437.8671232 108011 38421.73903 26903570.2810054
1520812800000 721.0 740.5 676.31 697.11 67732.85988 1520899199999 48042091.346384 107566 31034.85323 22068909.9972632
1520899200000 696.52 713.76 680.0 689.94 55735.18315 1520985599999 38651705.8540196 110481 26716.95139 18575299.5512552
1520985600000 690.16 703.54 585.0 610.1 89904.25415 1521071999999 57785217.4853055 139296 39532.62564 25438176.2591817
1521072000000 610.1 621.12 570.0 608.83 94426.72453 1521158399999 56487242.0087846 139923 46470.38535 27835899.8401665
1521158400000 608.83 625.3 584.15 599.05 64720.20994 1521244799999 39356556.4721097 84631 33403.29506 20344035.0870248
1521244800000 599.03 609.26 544.0 546.95 68022.4592 1521331199999 39167671.2478979 85603 32527.71191 18706692.7782637
1521331200000 547.98 560.0 450.0 537.0 248817.226 1521417599999 125170992.0632535 273110 114393.25553 57727396.5386908
1521417600000 537.39 560.0 515.8 556.88 184798.77062 1521503999999 99812549.6389014 190236 91723.14578 49567220.4002215
1521504000000 556.88 567.87 515.0 557.0 135426.91549 1521590399999 73696454.5594795 141920 67726.94222 36860017.1847935
1521590400000 557.0 590.52 545.11 559.17 117019.17321 1521676799999 66572210.6709511 139151 57668.25343 32774544.6726929
1521676800000 559.15 578.6 516.0 539.92 111106.19916 1521763199999 60459505.6065908 123941 55271.47004 30077484.371418
1521763200000 539.78 544.72 506.71 543.03 106416.06746 1521849599999 55542669.0430983 122067 53573.84272 27978541.8579203
1521849600000 543.2 545.99 518.63 520.22 87710.78945 1521935999999 46963103.4507316 104841 41522.36464 22242100.3813973
1521936000000 521.17 536.0 512.0 523.74 71903.1713 1522022399999 37482165.1820822 90242 33854.54926 17655912.6709383
1522022400000 523.95 527.67 465.56 485.0 151084.23688 1522108799999 74104022.1300024 144216 76715.81596 37587633.5554733
1522108800000 485.0 491.55 446.0 448.5 138188.76042 1522195199999 63816245.4274086 139179 61442.73325 28392464.6363337
1522195200000 448.5 466.0 440.14 446.67 89895.47885 1522281599999 40547475.9536683 90706 43268.16083 19526756.9196805
1522281600000 446.07 449.43 380.0 384.0 225341.94316 1522367999999 91719449.9304218 176576 105223.74466 42823913.3420566
1522368000000 383.87 412.04 366.0 392.43 292254.79437 1522454399999 112316125.3267166 232555 139653.28026 53711196.7692422
1522454400000 392.4 419.4 388.52 393.92 167833.59399 1522540799999 67461541.5886628 134396 85749.94972 34500084.5184605
1522540800000 393.93 399.91 356.9 378.58 150493.99422 1522627199999 56620178.3543407 119329 71969.4459 27073234.6548507
1522627200000 378.58 394.87 375.0 385.05 113242.14191 1522713599999 43596858.5024712 95810 60918.09989 23456311.3196497
1522713600000 385.0 419.08 380.13 415.01 137897.55565 1522799999999 55385110.1548381 118778 72741.86375 29203166.4975717
1522800000000 415.0 416.5 370.0 378.16 140598.39668 1522886399999 54594624.7569424 132792 69080.32064 26802920.5429346
1522886400000 378.15 387.03 365.61 381.22 120314.05875 1522972799999 45411126.8956174 103370 60702.0822 22942001.5438641
1522972800000 381.56 385.91 362.54 368.89 74458.69141 1523059199999 27645272.516507 69396 36948.37773 13722741.9376863
1523059200000 368.89 394.75 368.28 384.51 71463.42848 1523145599999 27442723.6552181 65341 39310.3431 15088027.5337413
1523145600000 384.51 404.05 384.0 400.4 57395.52936 1523231999999 22720923.5470005 61290 31269.11717 12384767.5774767
1523232000000 400.4 431.99 387.1 399.44 151653.50413 1523318399999 61605245.8672748 122647 81164.60858 33028431.0724556
1523318400000 399.25 418.68 391.4 416.07 81394.29605 1523404799999 32805764.1019723 73634 39654.82636 16004029.831851
1523404800000 415.53 433.54 410.38 429.52 86706.68627 1523491199999 36371404.2251047 76885 44672.00021 18743004.7181089
1523491200000 429.9 499.0 412.88 495.67 249766.38316 1523577599999 113968625.2863396 202769 121547.23979 55471535.4086562
1523577600000 494.3 530.0 480.22 495.11 251752.08782 1523663999999 127274585.0424597 206506 123872.45036 62548394.1720576
1523664000000 494.69 515.0 485.58 502.68 121283.3338 1523750399999 60727364.2740579 98631 60998.98842 30544457.2097563
1523750400000 502.68 535.0 502.51 533.88 108739.15395 1523836799999 56506254.9725316 93171 57139.99073 29710349.7577647
1523836800000 533.88 538.0 497.31 511.46 130359.52549 1523923199999 66652300.8067962 103147 60079.00406 30729925.4776247
1523923200000 512.09 521.2 500.02 502.56 96541.96382 1524009599999 49273622.8530706 91563 46910.09255 23946544.5498259
1524009600000 502.56 526.99 501.12 526.09 73161.95251 1524095999999 37673780.8368876 68912 40719.86775 20988712.9674407
1524096000000 526.49 571.61 521.03 568.14 112235.77328 1524182399999 61044208.3175114 100508 58720.48369 31889417.1177414
1524182400000 568.14 622.17 556.5 617.09 160209.03951 1524268799999 93907683.4773283 153184 74320.28896 43506166.7888128
1524268800000 616.8 624.5 570.23 604.87 159364.95353 1524355199999 95664939.9408183 159407 78153.60888 46861099.6411787
1524355200000 604.87 643.49 589.0 620.92 120127.3728 1524441599999 74788729.8493192 122258 61246.48956 38184257.0433051
1524441600000 620.67 649.11 618.02 645.09 77475.70793 1524527999999 49473079.4449478 88353 39248.30497 25074915.2718645
1524528000000 644.58 712.99 643.76 701.58 171437.66972 1524614399999 118180314.7165787 159888 91426.36964 62994280.5966092
1524614400000 701.16 703.3 593.83 618.0 341439.50428 1524700799999 218497368.193498 309129 168602.81904 107875026.5250613
1524700800000 617.73 666.19 600.0 661.51 155754.00815 1524787199999 98084636.5776993 150017 76481.83444 48219285.0652012
1524787200000 661.51 686.82 635.73 643.46 134803.48389 1524873599999 89621495.4179006 132051 65494.83214 43584183.3397351
1524873600000 643.41 694.9 638.76 682.86 113128.36337 1524959999999 76596615.4329475 114761 58734.58851 39786611.3126602
1524960000000 683.5 700.49 665.28 690.85 110020.23869 1525046399999 75235079.3018448 121177 52218.32161 35747869.5912503
1525046400000 690.85 695.3 662.2 670.78 112494.9172 1525132799999 76654028.9797539 109155 56599.46199 38596782.9223376
1525132800000 670.78 675.6 627.58 672.0 133123.66675 1525219199999 87065924.8511483 120421 60363.54848 39426790.5921005
1525219200000 671.99 691.99 663.0 688.56 86185.5033 1525305599999 58547697.5057035 97534 47460.1733 32261968.3936199
1525305600000 688.55 792.08 685.39 779.0 229419.209 1525391999999 169982888.3383364 210459 118584.02308 87775109.7736009
1525392000000 779.0 810.0 756.91 785.99 179924.40215 1525478399999 141283262.9241322 161690 90632.87892 71235800.1478963
1525478400000 785.8 832.66 781.56 819.5 128631.18764 1525564799999 104594301.6093639 121136 68646.32685 55817590.007575
1525564800000 819.5 839.99 752.49 794.3 166871.16002 1525651199999 132187629.450689 154829 83663.13801 66427974.4234199
1525651200000 794.3 799.14 701.0 752.49 284237.06328 1525737599999 210066185.2861295 232411 128638.27791 95026417.2870986
1525737600000 753.0 777.0 720.02 748.99 135106.19621 1525823999999 101156197.2573318 126971 65785.64028 49239934.894471
1525824000000 748.99 760.74 710.26 751.75 112353.37758 1525910399999 82933836.454514 104593 56905.42297 42032849.917335
1525910400000 752.4 769.88 720.0 722.52 102019.29933 1525996799999 76658823.4630308 99850 51561.01377 38797465.5744748
1525996800000 722.52 735.92 714.79 735.77 24725.02201 1526083199999 17933967.0511141 24192 11459.80709 8313718.1087406
