1499990400000 0.08 0.091033 0.08 0.090993 1942.057 1500076799999 170.23852396 1994 1076.405 94.82527222
1500076800000 0.090993 0.093699 0.087127 0.087635 4013.066 1500163199999 363.03178785 4623 2250.318 203.54149755
1500163200000 0.087508 0.087635 0.075591 0.082241 8904.158 1500249599999 722.21248196 8137 5557.575 450.34388688
1500249600000 0.082368 0.088394 0.081699 0.087537 6650.933 1500335999999 568.24653804 7639 3859.485 329.66875309
1500336000000 0.087831 0.109068 0.084777 0.107732 7245.741 1500422399999 674.49785037 8121 4202.055 393.11140275
1500422400000 0.107732 0.108732 0.08429 0.086853 7384.976 1500508799999 723.00911562 8314 4794.262 468.26023838
1500508800000 0.087144 0.095252 0.074982 0.080509 6395.16 1500595199999 564.01770441 6535 4266.261 375.19828457
1500595200000 0.080383 0.087511 0.079635 0.081581 7434.389 1500681599999 618.20894652 7839 4604.947 382.99257488
1500681600000 0.081586 0.084733 0.079856 0.082474 7979.899 1500767999999 651.60703581 8841 4460.358 364.37225928
1500768000000 0.082312 0.08456 0.081417 0.083533 6340.799 1500854399999 527.55598124 7032 3714.152 309.05616001
1500854400000 0.083438 0.083973 0.082265 0.083161 7380.244 1500940799999 612.72702417 8346 3931.116 326.44455142
1500940800000 0.083149 0.083149 0.075482 0.079654 7845.032 1501027199999 634.98369428 8099 4588.865 371.28600482
1501027200000 0.079676 0.081172 0.07761 0.079892 7496.738 1501113599999 599.43177658 8700 4326.597 345.79967266
1501113600000 0.079815 0.081867 0.077059 0.077449 8311.206 1501199999999 667.17746185 9001 4442.543 356.68582013
1501200000000 0.077059 0.077859 0.066827 0.068802 11013.824 1501286399999 790.35738935 11121 5919.016 425.02549738
1501286400000 0.068797 0.076814 0.064335 0.075773 14305.369 1501372799999 982.45449195 13734 7259.966 498.44887227
1501372800000 0.076009 0.076684 0.069876 0.070109 12989.765 1501459199999 952.079687 13038 6641.977 486.80260453
1501459200000 0.070406 0.073341 0.06759 0.072484 12029.45 1501545599999 857.24421228 12674 6058.304 431.74541787
1501545600000 0.072459 0.08526 0.07237 0.083568 13623.227 1501631999999 1070.58897241 12474 6716.243 527.65028424
1501632000000 0.083568 0.084967 0.07963 0.08016 13678.63 1501718399999 1115.12601961 13297 6878.69 560.98509007
1501718400000 0.080168 0.083795 0.078277 0.078965 11389.116 1501804799999 919.3144725 12318 5792.358 467.60784097
1501804800000 0.078965 0.08071 0.076332 0.076475 12523.985 1501891199999 981.51828688 13124 6230.743 488.40851988
1501891200000 0.076563 0.079322 0.071325 0.07916 12348.255 1501977599999 944.28885525 12351 6213.194 474.98887142
1501977600000 0.07916 0.083151 0.07851 0.081029 13069.284 1502063999999 1052.56125721 13121 6764.025 544.75007561
1502064000000 0.081029 0.082475 0.079547 0.081171 13667.775 1502150399999 1107.69611104 13657 6659.372 539.81376919
1502150400000 0.081171 0.087444 0.078 0.085296 14885.592 1502236799999 1225.48669378 12549 7767.231 638.81585555
1502236800000 0.085331 0.093578 0.080372 0.083159 15503.613 1502323199999 1367.06462099 13223 7853.827 692.24501656
1502323200000 0.083303 0.09092 0.082489 0.084466 16483.655 1502409599999 1447.36742932 14600 7863.004 690.44771889
1502409600000 0.084613 0.087178 0.083167 0.084941 18017.655 1502495999999 1536.48833639 19466 8574.35 731.14751485
1502496000000 0.08495 0.087601 0.08001 0.080163 15210.946 1502582399999 1274.94670235 15661 7546.025 632.38789867
1502582400000 0.080182 0.080459 0.068007 0.073824 20955.915 1502668799999 1533.75840576 20875 10336.51 755.85995852
1502668800000 0.07385 0.079911 0.068535 0.070899 28508.69 1502755199999 2068.81079592 29214 12371.913 895.36873599
1502755200000 0.070899 0.0752 0.066161 0.069395 28889.165 1502841599999 2022.91292395 22507 12518.131 876.20248789
1502841600000 0.069395 0.076669 0.06831 0.069743 22035.269 1502927999999 1572.47841719 21235 9693.439 691.48619731
1502928000000 0.069735 0.072254 0.068077 0.070479 24002.431 1503014399999 1686.62915217 21902 11539.092 810.8125656
1503014400000 0.070479 0.073005 0.069565 0.071433 29861.756 1503100799999 2119.4724845 24863 13550.898 961.63183257
1503100800000 0.071187 0.073741 0.069925 0.070036 19918.665 1503187199999 1423.13687305 17925 9557.496 683.21015383
1503187200000 0.070347 0.073 0.069 0.072198 22530.294 1503273599999 1604.55621322 25211 10076.751 718.12849409
1503273600000 0.072198 0.088658 0.071509 0.08052 48283.416 1503359999999 3853.92734961 38628 23734.14 1891.11375598
1503360000000 0.080688 0.0845 0.07001 0.076825 42660.05 1503446399999 3403.45228003 37676 20201.663 1614.02561432
1503446400000 0.076794 0.079689 0.074164 0.07706 41661.392 1503532799999 3190.72741408 39489 20838.571 1595.23480397
1503532800000 0.07706 0.078649 0.074567 0.075339 44430.692 1503619199999 3397.32062849 32387 22261.026 1701.70345517
1503619200000 0.075302 0.0779 0.074742 0.076587 35690.377 1503705599999 2730.55917422 27997 18864.971 1443.15919576
1503705600000 0.076593 0.078708 0.075269 0.076647 31475.752 1503791999999 2413.9001983 21898 16968.256 1301.70908479
1503792000000 0.076647 0.0826 0.075377 0.080436 36949.127 1503878399999 2863.88871942 27862 20213.334 1567.03995873
1503878400000 0.080649 0.081884 0.078501 0.079632 28745.668 1503964799999 2298.99136802 22410 15654.071 1252.20986331
1503964800000 0.079632 0.084402 0.079037 0.081551 32574.221 1504051199999 2646.16066127 27038 17225.969 1399.18224611
1504051200000 0.081551 0.085085 0.080776 0.0842 30766.059 1504137599999 2552.04532987 26521 16740.835 1388.52362344
1504137600000 0.084032 0.084198 0.081598 0.081967 26520.598 1504223999999 2195.58416369 21821 13622.224 1127.83984406
1504224000000 0.081967 0.084408 0.080015 0.080849 28097.572 1504310399999 2304.83350874 28007 15142.462 1242.62642507
1504310400000 0.080849 0.08274 0.073861 0.076396 32502.566 1504396799999 2516.50876939 33563 16709.197 1293.33206464
1504396800000 0.076396 0.07886 0.07374 0.075938 42102.842 1504483199999 3203.02652891 44358 22606.977 1721.1331799
1504483200000 0.076031 0.076071 0.065 0.07032 50413.571 1504569599999 3570.09857989 45840 26631.602 1883.86810144
1504569600000 0.070276 0.072154 0.065655 0.071788 41673.107 1504655999999 2918.42712289 42865 23435.549 1641.34168729
1504656000000 0.071788 0.073871 0.070954 0.072821 34711.436 1504742399999 2515.95803224 35794 18612.114 1349.61189515
1504742400000 0.072821 0.07299 0.065 0.0716 16057.518 1504828799999 1144.17562648 16711 7059.143 504.19017142
1504828800000 0.0716 0.07251 0.06555 0.070246 22241.963 1504915199999 1562.36501504 22229 8979.833 633.68242467
1504915200000 0.070246 0.071678 0.068033 0.070151 8597.585 1505001599999 599.01824029 8863 3735.54 260.75655268
1505001600000 0.0701 0.0711 0.068181 0.070127 7873.985 1505087999999 548.59164025 8966 3221.932 224.96899707
1505088000000 0.070599 0.071998 0.068755 0.07063 7460.722 1505174399999 524.55179229 10344 3026.373 213.34400718
1505174400000 0.0706 0.072784 0.068 0.0706 14505.753 1505260799999 1030.41483522 18056 6932.206 494.14967517
1505260800000 0.070763 0.071498 0.067356 0.071468 7572.948 1505347199999 529.43032284 9717 3228.553 226.27556086
1505347200000 0.071398 0.071509 0.067101 0.068765 11387.596 1505433599999 792.61883382 14244 4862.798 339.10360899
1505433600000 0.068047 0.071 0.065 0.069512 10770.278 1505519999999 742.29486288 14219 5117.551 353.61324964
1505520000000 0.069519 0.070036 0.066739 0.068315 8247.263 1505606399999 567.93957323 9351 3773.404 260.14301168
1505606400000 0.068372 0.070488 0.067234 0.069848 4193.778 1505692799999 288.40907718 5293 2183.434 150.38883452
1505692800000 0.069848 0.075913 0.069615 0.0731 5846.332 1505779199999 427.76936565 8877 2665.644 195.20530668
1505779200000 0.073045 0.073523 0.0718 0.072525 8900.485 1505865599999 644.48417376 12928 4668.936 338.30472817
1505865600000 0.072454 0.0734 0.0718 0.073345 16794.262 1505951999999 1218.21445515 20443 8133.191 589.93719961
1505952000000 0.073345 0.073799 0.070565 0.07141 24583.899 1506038399999 1786.32644351 20774 11813.324 858.12250098
1506038400000 0.07141 0.072964 0.071 0.072964 24350.635 1506124799999 1754.98888389 21630 11599.357 835.65823386
1506124800000 0.072874 0.075694 0.071964 0.075557 23028.2 1506211199999 1693.76539937 21738 10956.602 805.17986557
1506211200000 0.075556 0.077998 0.075398 0.077123 28776.606 1506297599999 2214.74545149 22889 14109.838 1085.80294784
1506297600000 0.077184 0.0773 0.074527 0.075174 34549.321 1506383999999 2626.33423195 23656 18240.625 1386.89635098
1506384000000 0.075173 0.07595 0.073392 0.074491 35669.831 1506470399999 2658.01527455 28488 18946.074 1412.10550441
1506470400000 0.074492 0.074731 0.071977 0.073445 44263.081 1506556799999 3244.84779012 33430 23669.172 1735.73878839
1506556800000 0.073465 0.0737 0.071509 0.072509 52476.402 1506643199999 3807.32971704 46234 28181.113 2045.52277031
1506643200000 0.072507 0.07259 0.069015 0.07091 40578.601 1506729599999 2864.26565857 40812 20067.43 1417.59131521
1506729600000 0.070878 0.0733 0.069401 0.070062 37140.806 1506815999999 2622.79601338 41460 17491.197 1236.54940711
1506816000000 0.070181 0.071484 0.068109 0.069105 38693.377 1506902399999 2694.17980938 41213 18853.072 1313.43391925
1506902400000 0.069104 0.069299 0.0665 0.068658 40647.555 1506988799999 2757.77106947 43929 19212.463 1304.60085814
1506988800000 0.06829 0.06902 0.066808 0.068016 37219.457 1507075199999 2534.36735403 40039 17851.871 1216.21148075
1507075200000 0.06775 0.070633 0.067477 0.069249 34536.247 1507161599999 2386.78784377 39480 16859.769 1166.04437927
1507161600000 0.069147 0.070223 0.067666 0.068509 27871.849 1507247999999 1921.11897596 30952 13261.811 914.70615244
1507248000000 0.068509 0.071062 0.067976 0.070986 31667.564 1507334399999 2180.85885835 35870 15354.831 1057.84843024
1507334400000 0.070779 0.072239 0.069733 0.070365 28812.37 1507420799999 2042.98486052 30914 13238.389 939.21389176
1507420800000 0.070262 0.07062 0.066554 0.067053 35998.516 1507507199999 2477.45900959 38955 16535.46 1139.12579324
1507507200000 0.066964 0.067457 0.058516 0.06215 46465.45 1507593599999 2955.4917142 56350 21264.643 1353.95624997
1507593600000 0.062316 0.066501 0.059963 0.063038 44208.704 1507679999999 2741.74387073 51831 21086.994 1308.46934214
1507680000000 0.063047 0.064117 0.061651 0.063065 30902.734 1507766399999 1946.11810028 32973 15534.613 978.37021485
1507766400000 0.063064 0.0635 0.055748 0.055763 39216.6 1507852799999 2330.92951822 36822 18577.167 1105.49581427
1507852800000 0.055763 0.062496 0.051084 0.060017 58977.006 1507939199999 3386.47475753 47101 25687.13 1475.15634351
1507939200000 0.060019 0.0621 0.057431 0.058679 26992.222 1508025599999 1622.88547018 21761 12720.888 765.4182714
1508025600000 0.058679 0.060999 0.057413 0.059281 28566.596 1508111999999 1687.42206852 22613 13870.28 820.13002793
1508112000000 0.059107 0.062166 0.057721 0.058294 33150.297 1508198399999 1991.54422185 29094 17154.462 1031.05681138
1508198400000 0.058026 0.060348 0.055838 0.056612 24987.9 1508284799999 1439.04071608 21985 12227.851 705.03856511
1508284800000 0.056612 0.057341 0.055398 0.056161 27764.705 1508371199999 1565.22208092 24718 13244.165 747.43506104
1508371200000 0.056299 0.056527 0.0532 0.053886 26329.594 1508457599999 1438.77918081 24259 13517.845 739.96057246
1508457600000 0.053886 0.054499 0.049547 0.050511 33404.445 1508543999999 1757.4730448 28392 15655.182 824.96590135
1508544000000 0.050503 0.051225 0.04705 0.049954 29712.017 1508630399999 1453.50711148 22300 14414.564 704.77948875
1508630400000 0.049954 0.0516 0.048904 0.048973 24111.205 1508716799999 1207.39385901 21104 11951.538 598.99207104
1508716800000 0.049336 0.049375 0.047177 0.047839 33580.724 1508803199999 1624.06189099 24487 16737.005 810.13468362
1508803200000 0.047852 0.056 0.047184 0.053709 43723.845 1508889599999 2335.69406199 35218 21051.543 1124.2643769
1508889600000 0.053712 0.054154 0.051572 0.051794 26376.618 1508975999999 1404.04563572 19740 11500.897 613.13258203
1508976000000 0.051794 0.052395 0.049509 0.050089 23839.182 1509062399999 1212.37656977 20799 10509.381 534.10794137
1509062400000 0.050311 0.051849 0.0495 0.051319 24822.76 1509148799999 1259.20799934 20815 11892.432 604.07281683
1509148800000 0.051322 0.051859 0.050451 0.051154 22713.123 1509235199999 1161.88843763 19470 12000.522 614.13420818
1509235200000 0.051199 0.053965 0.048448 0.04965 32926.867 1509321599999 1692.49072668 27499 14937.078 769.00463573
1509321600000 0.049364 0.0512 0.049364 0.049899 28009.721 1509407999999 1403.62453565 24322 13464.297 675.54366611
1509408000000 0.049977 0.050576 0.04681 0.047001 31924.015 1509494399999 1563.89735416 30246 14975.882 734.64161265
1509494400000 0.047001 0.04769 0.042296 0.042766 44203.963 1509580799999 2028.27949209 40271 21587.325 990.58819784
1509580800000 0.042797 0.043177 0.037589 0.040287 60117.457 1509667199999 2457.05843823 49606 28997.504 1186.1969459
1509667200000 0.040488 0.043951 0.039401 0.042666 48031.894 1509753599999 1959.36265397 40705 22659.397 925.17261378
1509753600000 0.042661 0.043084 0.039755 0.040575 34727.418 1509839999999 1438.70965152 33201 14820.594 614.46356359
1509840000000 0.040535 0.040981 0.038815 0.040147 34433.008 1509926399999 1373.39796019 30630 14839.514 592.37912464
1509926400000 0.04014 0.0435 0.039856 0.042641 44094.715 1510012799999 1819.81961251 35402 21225.421 876.5912788
1510012800000 0.042643 0.042926 0.0405 0.041049 41768.583 1510099199999 1740.8603085 37882 20266.042 845.13956879
1510099200000 0.041133 0.046194 0.0385 0.041421 74381.695 1510185599999 3089.33245632 55893 33009.038 1371.39533512
1510185600000 0.0416 0.046249 0.04129 0.044871 60221.858 1510271999999 2651.70357017 45602 28007.278 1234.11320351
1510272000000 0.044966 0.046692 0.043207 0.045549 63603.579 1510358399999 2846.69713019 37677 26960.705 1207.42478583
1510358400000 0.045179 0.05148 0.044088 0.049649 66270.633 1510444799999 3125.21060067 44089 30692.194 1447.68323732
1510444800000 0.049579 0.054 0.0452 0.052038 198379.991 1510531199999 9971.3059979 159519 96816.11 4873.09992681
1510531200000 0.052094 0.054661 0.046378 0.048417 83870.87 1510617599999 4174.80184901 46921 40329.325 2007.29504515
1510617600000 0.048329 0.052499 0.04727 0.051095 84058.246 1510703999999 4169.40607711 51914 40181.813 1990.41297922
1510704000000 0.05099 0.051063 0.045 0.045535 63916.465 1510790399999 3047.04944197 40407 27855.467 1327.90567608
1510790400000 0.045535 0.0465 0.041001 0.042006 85567.967 1510876799999 3771.53634378 47098 37671.845 1662.13683502
1510876800000 0.042002 0.043738 0.040914 0.042902 80997.404 1510963199999 3425.14594844 43910 36283.836 1536.09131277
1510963200000 0.043149 0.044999 0.0426 0.044625 79642.103 1511049599999 3456.70894221 40917 35684.9 1550.09910367
1511049600000 0.044672 0.048836 0.042818 0.043969 94360.631 1511135999999 4301.99118411 47540 43707.782 1990.85914789
1511136000000 0.043969 0.04561 0.043673 0.044715 101306.078 1511222399999 4508.66744891 56593 50613.398 2253.57963145
1511222400000 0.044709 0.046394 0.044 0.044673 99497.472 1511308799999 4458.59936277 57055 44714.124 2005.0350804
1511308800000 0.044673 0.046767 0.0441 0.046352 120872.047 1511395199999 5410.60347758 74964 58518.927 2621.25172994
1511395200000 0.046317 0.052357 0.04575 0.05075 154931.309 1511481599999 7548.51849349 93406 73822.965 3599.87157706
1511481600000 0.050841 0.058501 0.047851 0.05765 143892.124 1511567999999 7580.70169051 105033 66470.795 3501.85737887
1511568000000 0.05765 0.059401 0.05275 0.05275 105104.051 1511654399999 5838.5404282 99420 48228.944 2679.22652621
1511654400000 0.052802 0.052905 0.0478 0.050704 106260.859 1511740799999 5382.8281764 98778 51437.461 2604.23900176
1511740800000 0.050697 0.0512 0.048409 0.048897 103023.746 1511827199999 5106.62221425 132736 47519.195 2355.81118306
1511827200000 0.048896 0.049478 0.046144 0.047036 106882.329 1511913599999 5107.63534604 96044 48680.848 2325.99948087
1511913600000 0.04699 0.047887 0.042939 0.043414 178814.926 1511999999999 8077.88434759 130789 84381.542 3812.61700879
1512000000000 0.043375 0.0446 0.0425 0.043651 128643.983 1512086399999 5602.60073339 101225 66401.702 2892.08548122
1512086400000 0.043684 0.044329 0.042275 0.042397 83006.121 1512172799999 3596.96984104 76803 40633.859 1761.03625471
1512172800000 0.042397 0.0427 0.0416 0.041978 89215.306 1512259199999 3758.35169188 92378 43722.568 1842.25918823
1512259200000 0.041937 0.042371 0.040418 0.041141 88525.846 1512345599999 3662.13413428 82078 42123.848 1743.3484846
1512345600000 0.041155 0.041312 0.040071 0.040181 98930.818 1512431999999 4016.47696198 95553 47442.925 1926.88348071
1512432000000 0.040182 0.040367 0.038308 0.038757 144245.021 1512518399999 5674.75665019 140350 71997.752 2832.13087024
1512518400000 0.038717 0.038859 0.029406 0.030396 197234.693 1512604799999 6828.88106465 165713 100140.586 3469.86389275
1512604800000 0.030396 0.032059 0.024251 0.024565 189629.165 1512691199999 5327.3327155 182840 95415.121 2679.62449423
1512691200000 0.024562 0.032 0.023121 0.027855 182157.588 1512777599999 5041.75047725 221640 91865.46 2525.90681808
1512777600000 0.027863 0.0349 0.027254 0.031311 172054.661 1512863999999 5399.82876333 177815 86936.636 2723.23897148
1512864000000 0.031317 0.032896 0.027887 0.028692 147319.083 1512950399999 4525.42022745 151851 77086.102 2366.49479366
1512950400000 0.028692 0.0312 0.026746 0.0307 161365.035 1513036799999 4568.05001634 148398 81756.659 2313.56403768
1513036800000 0.030701 0.04 0.029773 0.038 343528.145 1513123199999 11731.90530402 265861 159081.047 5418.00067975
1513123200000 0.038 0.044245 0.036052 0.04281 245846.142 1513209599999 9850.76234496 231326 120886.114 4838.95113108
1513209600000 0.042811 0.0465 0.0396 0.041549 313120.517 1513295999999 13483.96662078 305154 149946.839 6444.86517394
1513296000000 0.04155 0.04166 0.033501 0.038579 242164.913 1513382399999 9118.41046237 237823 122339.5 4601.40759313
1513382400000 0.038579 0.040898 0.0348 0.035561 231007.092 1513468799999 8723.59749337 201459 108347.822 4087.20210982
1513468800000 0.03556 0.038605 0.035532 0.037448 243293.263 1513555199999 8995.75914993 263590 119238.8 4410.51755387
1513555200000 0.037343 0.043112 0.036995 0.041569 317888.672 1513641599999 12440.51326809 310378 152524.82 5964.02605593
1513641600000 0.04153 0.047 0.040957 0.046212 317638.758 1513727999999 14266.68078194 374718 146512.728 6584.42455713
1513728000000 0.046229 0.049 0.044 0.048268 313914.69 1513814399999 14721.19208895 358044 145477.141 6824.66959122
1513814400000 0.048266 0.0517 0.047601 0.05063 330898.373 1513900799999 16450.2950198 360595 156090.409 7763.09104182
1513900800000 0.05058 0.051491 0.04534 0.047606 369569.077 1513987199999 17912.26488012 416572 176645.466 8562.47952539
1513987200000 0.047601 0.049019 0.047498 0.04814 283169.619 1514073599999 13683.99015654 330930 137894.095 6667.02614855
1514073600000 0.04814 0.049246 0.0477 0.048795 252967.984 1514159999999 12244.76984705 282446 125938.781 6100.47066258
1514160000000 0.048765 0.054999 0.0487 0.052153 272863.301 1514246399999 14166.87369821 295182 129153.848 6711.69514013
1514246400000 0.052059 0.0538 0.046282 0.047805 271857.642 1514332799999 13348.705531 318788 129506.572 6360.13356883
1514332800000 0.047806 0.049 0.0463 0.047804 231755.636 1514419199999 11087.27692184 296215 112823.603 5397.3479757
1514419200000 0.047804 0.0517 0.047584 0.049853 257969.986 1514505599999 12740.83676334 323540 122252.773 6039.37870263
1514505600000 0.049883 0.052 0.0495 0.05102 299450.249 1514591999999 15195.01313765 390379 141626.81 7189.30080537
1514592000000 0.051021 0.055301 0.05 0.055127 382154.486 1514678399999 20313.15967264 481478 182528.162 9708.82885956
1514678400000 0.05506 0.055449 0.052309 0.053586 318642.663 1514764799999 17217.2440325 435082 152151.714 8223.09351585
1514764800000 0.053586 0.0572 0.053401 0.056367 312440.757 1514851199999 17404.15888156 406017 150566.088 8389.50328492
1514851200000 0.056368 0.066265 0.05104 0.058261 492006.759 1514937599999 30046.04448991 656785 234144.312 14291.85749229
1514937600000 0.0583 0.06421 0.056449 0.0626 469486.617 1515023999999 27812.69661769 654095 217935.111 12922.2798503
1515024000000 0.0626 0.07 0.060125 0.062236 595991.613 1515110399999 38477.31889398 872477 283608.904 18313.39141126
1515110400000 0.062449 0.069758 0.054 0.056584 710527.221 1515196799999 44244.9907145 945045 345391.452 21479.25507307
1515196800000 0.056579 0.063 0.055549 0.058817 511471.697 1515283199999 30446.50285902 614991 244856.69 14581.15614952
1515283200000 0.058817 0.069811 0.058689 0.069313 471299.849 1515369599999 30710.6332811 615048 223526.909 14584.05743543
1515369600000 0.069323 0.07948 0.069002 0.076015 540080.194 1515455999999 40467.47370361 688927 258326.292 19360.45550528
1515456000000 0.076015 0.093 0.075956 0.08965 466451.409 1515542399999 38421.94600368 677708 225495.003 18597.66702093
1515542400000 0.089659 0.101004 0.08282 0.083884 494668.021 1515628799999 46238.55391934 618149 233853.284 21865.00260812
1515628800000 0.083881 0.092216 0.082987 0.08597 374525.355 1515715199999 33208.69252648 612704 177667.148 15755.04103109
1515715200000 0.08597 0.092016 0.085 0.09132 193626.311 1515801599999 17305.15896708 331001 88931.152 7949.88762964
1515801600000 0.09132 0.10051 0.08985 0.097617 343789.564 1515887999999 32536.64785539 650271 160656.339 15217.44613829
1515888000000 0.097693 0.1 0.09555 0.09986 240883.298 1515974399999 23576.2999158 445204 115141.367 11274.95090222
1515974400000 0.09986 0.101219 0.0895 0.09412 257713.865 1516060799999 24648.54797534 456674 120153.358 11488.96249312
1516060800000 0.0941 0.095758 0.081 0.091855 343244.935 1516147199999 31268.62455293 493120 154262.003 14080.67058152
1516147200000 0.091842 0.09378 0.083461 0.091219 373774.581 1516233599999 33097.10747481 674555 178779.083 15842.41509866
1516233600000 0.091218 0.093 0.087938 0.090617 320324.082 1516319999999 28943.55979828 545604 149769.032 13541.41486181
1516320000000 0.090617 0.093 0.09 0.090084 230596.472 1516406399999 20981.223895 413822 107861.514 9818.04970036
1516406400000 0.09 0.091259 0.0879 0.09017 210464.87 1516492799999 18866.93904174 405752 104175.989 9342.01935097
1516492800000 0.090158 0.0926 0.0892 0.091001 174311.959 1516579199999 15816.27662325 354598 87042.831 7901.27308192
1516579200000 0.091001 0.09299 0.09052 0.092187 200912.515 1516665599999 18461.43603253 398304 95951.282 8821.60140648
1516665600000 0.092276 0.092795 0.08928 0.090938 196525.728 1516751999999 17953.42086728 409917 92888.214 8489.6669004
1516752000000 0.090938 0.09423 0.090338 0.093406 208910.962 1516838399999 19174.0349099 410643 100599.126 9236.6015492
1516838400000 0.093499 0.095421 0.093 0.094292 126213.647 1516924799999 11905.95595628 233353 60565.927 5715.80663286
1516924800000 0.094268 0.096933 0.09266 0.094828 173629.036 1517011199999 16476.66456653 343882 89893.097 8536.12146592
1517011200000 0.094763 0.098 0.0945 0.097342 133169.039 1517097599999 12776.14498942 283840 60857.458 5838.74707338
1517097600000 0.097433 0.105639 0.097105 0.105244 180711.078 1517183999999 18410.30170023 449131 84820.234 8631.03199125
1517184000000 0.105244 0.10598 0.1033 0.10454 129263.33 1517270399999 13555.69704877 342462 59337.384 6224.15788597
1517270400000 0.104632 0.108 0.103102 0.106081 130548.124 1517356799999 13833.75101086 320221 61968.157 6568.67913147
1517356800000 0.106058 0.110879 0.105552 0.109451 99941.486 1517443199999 10818.76634117 221996 41948.572 4539.89166854
1517443200000 0.109451 0.123799 0.109343 0.113185 234038.204 1517529599999 27033.34409299 620714 106382.739 12290.72929441
1517529600000 0.113075 0.115 0.09688 0.1039 250334.442 1517615999999 26575.1803737 651394 116436.187 12377.04255676
1517616000000 0.103976 0.1075 0.103 0.105516 118577.429 1517702399999 12486.47773993 422763 56075.248 5906.95062302
1517702400000 0.105516 0.106 0.098753 0.10087 122975.365 1517788799999 12643.15648787 477254 56631.975 5825.15348554
1517788800000 0.100869 0.103672 0.095632 0.100809 171027.107 1517875199999 17144.9976332 543694 82380.863 8260.84573973
1517875200000 0.100787 0.102313 0.094431 0.101896 222283.824 1517961599999 21979.65141488 654283 101557.724 10042.66174973
1517961600000 0.10177 0.102571 0.099045 0.099359 106109.231 1518047999999 10685.82498436 296719 51001.625 5139.19206542
1518048000000 0.099311 0.100679 0.09885 0.100298 3008.81 1518134399999 300.18848364 12561 1478.18 147.68866787
1518134400000 0.10013 0.101551 0.099129 0.101033 72149.947 1518220799999 7268.17093763 177640 33109.409 3336.64837283
1518220800000 0.101029 0.101146 0.099203 0.099682 147532.975 1518307199999 14795.3251989 415256 70492.219 7071.55743675
1518307200000 0.09971 0.101 0.0993 0.10036 126261.139 1518393599999 12665.64146662 366796 60988.899 6119.37415094
1518393600000 0.100393 0.10055 0.097 0.097367 117166.987 1518479999999 11607.34088138 383374 54912.416 5441.20894747
1518480000000 0.097361 0.0988 0.096912 0.098546 110413.962 1518566399999 10811.95651221 332335 51063.954 5000.23639983
1518566400000 0.098558 0.098701 0.096 0.097253 136922.659 1518652799999 13371.01516157 451520 65017.941 6350.14628503
1518652800000 0.097226 0.097389 0.091101 0.092399 155011.091 1518739199999 14638.73802687 513155 75709.346 7144.51610334
1518739200000 0.092347 0.0945 0.09134 0.09236 126099.466 1518825599999 11714.03201728 428120 61465.327 5710.50389793
1518825600000 0.092392 0.09302 0.087662 0.087817 122365.317 1518911999999 11027.45986921 436426 59291.565 5342.31546583
1518912000000 0.08784 0.08939 0.086131 0.087699 128436.859 1518998399999 11271.47425432 425157 63784.881 5597.7944243
1518998400000 0.08773 0.0886 0.083396 0.084157 105092.834 1519084799999 9082.02551779 358594 51420.049 4443.10434067
1519084800000 0.084157 0.084265 0.070828 0.07882 122620.977 1519171199999 9920.59974006 339812 59241.461 4790.75623425
1519171200000 0.078825 0.0815 0.078101 0.080118 116652.853 1519257599999 9348.03961482 340310 55257.52 4428.02196431
1519257600000 0.080131 0.08186 0.07953 0.081643 89132.645 1519343999999 7184.08141146 260826 42997.37 3465.84288282
1519344000000 0.081669 0.086338 0.081587 0.084126 119515.227 1519430399999 10079.3396523 337107 56905.937 4799.33573984
1519430400000 0.084126 0.0866 0.081001 0.08604 74689.814 1519516799999 6323.82706739 309736 36989.565 3134.44366045
1519516800000 0.085987 0.0886 0.085888 0.087861 75442.268 1519603199999 6581.21520761 281564 41784.63 3645.60256725
1519603200000 0.087786 0.0898 0.0835 0.084057 116583.412 1519689599999 10139.78569249 375012 57034.691 4961.7543001
1519689600000 0.084122 0.08589 0.081675 0.082335 106621.575 1519775999999 8863.70289658 366361 55463.275 4606.54274419
1519776000000 0.082231 0.087777 0.08 0.082605 115440.244 1519862399999 9471.13676297 411812 56369.759 4627.46976411
1519862400000 0.082674 0.082999 0.0793 0.079719 100437.224 1519948799999 8163.14611079 403731 50322.684 4088.18260114
1519948800000 0.079719 0.079966 0.07612 0.077514 98530.768 1520035199999 7743.4475948 356006 45783.988 3599.31461308
1520035200000 0.077553 0.077824 0.0745 0.074728 96773.177 1520121599999 7339.34220825 279512 47187.699 3577.82748142
1520121600000 0.074728 0.07757 0.0746 0.07528 73555.511 1520207999999 5583.89136249 260347 36371.37 2761.09490955
1520208000000 0.075279 0.075647 0.072525 0.07387 83623.981 1520294399999 6249.69649334 289495 42391.811 3169.34315034
1520294400000 0.07387 0.076999 0.073811 0.075986 91742.199 1520380799999 6929.16914924 318218 42959.444 3245.61301713
1520380800000 0.075986 0.07648 0.072469 0.0757 127108.493 1520467199999 9512.57352765 445291 59858.108 4482.91219486
1520467200000 0.075776 0.077098 0.074502 0.075012 102259.478 1520553599999 7772.21180566 373466 53488.571 4066.50216337
1520553600000 0.075014 0.078856 0.0745 0.078477 119032.428 1520639999999 9137.8645163 379251 57021.719 4381.15720048
1520640000000 0.078477 0.079757 0.0772 0.0776 63323.38 1520726399999 4963.30779481 235408 28691.817 2249.97369619
1520726400000 0.077659 0.079555 0.074892 0.075753 64978.434 1520812799999 5026.85884316 230092 31264.456 2420.33190085
1520812800000 0.075672 0.076966 0.074321 0.076449 78594.872 1520899199999 5948.4895724 245277 36958.804 2798.80499711
1520899200000 0.076446 0.077186 0.074846 0.075364 96071.93 1520985599999 7294.16614615 277662 46541.241 3534.76865553
1520985600000 0.075364 0.07642 0.073356 0.074491 104892.315 1521071999999 7880.90783481 287716 53034.563 3985.10240423
1521072000000 0.074491 0.075479 0.073 0.073866 116230.726 1521158399999 8623.72546322 345732 60622.534 4499.19398375
1521158400000 0.073866 0.074589 0.071742 0.07248 102488.577 1521244799999 7511.94836521 255232 55275.257 4053.22982894
1521244800000 0.072409 0.073556 0.069663 0.069907 83785.69 1521331199999 6058.99910317 191975 45502.732 3292.30371941
1521331200000 0.069919 0.069997 0.0618 0.065641 169228.122 1521417599999 11131.87667037 385898 79858.509 5256.15967192
1521417600000 0.065643 0.06673 0.063105 0.064725 135417.994 1521503999999 8753.71095959 366030 64948.267 4197.5356761
1521504000000 0.064691 0.064933 0.061916 0.0626 129684.402 1521590399999 8185.79548779 324744 64195.555 4053.07404811
1521590400000 0.062599 0.064887 0.06 0.06302 141417.035 1521676799999 8965.04902162 343625 71137.05 4509.37698898
1521676800000 0.06295 0.063695 0.061 0.061949 115083.36 1521763199999 7168.60134038 298103 59319.152 3697.63015903
1521763200000 0.061949 0.063 0.060064 0.061025 155855.588 1521849599999 9560.2464128 388507 81195.926 4983.75031033
1521849600000 0.061027 0.061399 0.060103 0.06095 139742.754 1521935999999 8465.47775953 331205 70984.805 4301.50056581
1521936000000 0.061004 0.062355 0.060531 0.061885 114629.827 1522022399999 7012.3246542 265941 58847.052 3600.65177912
1522022400000 0.061885 0.062239 0.059245 0.059717 158118.009 1522108799999 9580.44912523 356288 76606.815 4644.10797823
1522108800000 0.059664 0.060068 0.056564 0.057514 158615.101 1522195199999 9217.98626856 346249 78917.621 4587.6775872
1522195200000 0.057513 0.057961 0.056003 0.056127 136333.95 1522281599999 7768.63787197 297255 70615.167 4024.09027076
1522281600000 0.056157 0.056521 0.053998 0.054056 188208.269 1522367999999 10329.87809907 344024 91279.856 5010.37177772
1522368000000 0.054056 0.057553 0.054056 0.057416 180794.305 1522454399999 10073.30693822 308677 91345.473 5090.36272487
1522454400000 0.057417 0.058955 0.056386 0.056859 123898.88 1522540799999 7104.75755469 235118 62219.496 3567.14790338
1522540800000 0.05686 0.057034 0.0551 0.055546 105613.346 1522627199999 5918.63043715 204059 54573.942 3060.07877834
1522627200000 0.055545 0.0559 0.05429 0.054546 112104.723 1522713599999 6187.53649614 226885 56008.868 3092.56739642
1522713600000 0.054502 0.056121 0.05381 0.05603 136273.013 1522799999999 7455.33838691 314429 66347.116 3630.43103324
1522800000000 0.055987 0.056153 0.053672 0.055661 138939.686 1522886399999 7651.76045447 363489 70392.368 3879.3602972
1522886400000 0.055661 0.05642 0.055384 0.056306 144766.609 1522972799999 8095.31306976 550153 73998.416 4139.59121388
1522972800000 0.05629 0.056411 0.055354 0.055919 93952.55 1523059199999 5248.99755214 227245 47216.395 2638.66338689
1523059200000 0.055862 0.0562 0.0551 0.055808 102662.476 1523145599999 5715.84234681 257893 53180.796 2962.04713639
1523145600000 0.05581 0.057261 0.0555 0.05709 99750.968 1523231999999 5632.91715914 207536 50209.135 2835.7403524
1523232000000 0.05709 0.060069 0.056991 0.058865 146710.201 1523318399999 8602.75848724 252340 73335.212 4300.99210231
1523318400000 0.058867 0.0608 0.0584 0.060729 133299.655 1523404799999 7911.72314058 229369 64152.255 3807.35530106
1523404800000 0.060785 0.062096 0.06024 0.061919 153230.662 1523491199999 9333.99514451 249314 79943.761 4870.45758057
1523491200000 0.061919 0.06305 0.059288 0.062385 222972.337 1523577599999 13645.20274508 375340 106514.832 6519.08370375
1523577600000 0.062455 0.064686 0.061802 0.062639 194683.665 1523663999999 12304.79817318 362688 91117.573 5757.49224639
1523664000000 0.06264 0.063555 0.061636 0.062853 89889.134 1523750399999 5624.1951272 143519 48311.782 3024.19449199
1523750400000 0.062791 0.063968 0.062261 0.063889 84977.727 1523836799999 5369.34040146 126650 45075.995 2849.73961308
1523836800000 0.063957 0.064087 0.062901 0.063526 106019.238 1523923199999 6711.47348344 196250 53026.802 3357.8880045
1523923200000 0.06346 0.0647 0.062874 0.06368 150612.957 1524009599999 9576.78265821 318962 67803.222 4310.7234945
1524009600000 0.063682 0.064483 0.063261 0.064428 123125.213 1524095999999 7853.85941305 299149 59868.262 3820.28618702
1524096000000 0.064427 0.068888 0.06394 0.06867 166176.247 1524182399999 10983.54919703 361941 81962.745 5420.93759555
1524182400000 0.068669 0.071277 0.06749 0.069656 179540.778 1524268799999 12430.67402064 348066 88971.961 6160.66473253
1524268800000 0.069581 0.069784 0.065328 0.067908 146061.999 1524355199999 10000.20592963 307626 71642.243 4907.19821871
1524355200000 0.067836 0.072665 0.065618 0.070652 147845.855 1524441599999 10351.73505407 335773 74476.074 5219.26521962
1524441600000 0.070652 0.072665 0.07054 0.072054 125512.203 1524527999999 9015.90373487 263387 64014.195 4599.91633867
1524528000000 0.072054 0.075759 0.071652 0.072884 171553.063 1524614399999 12696.10201099 375523 84426.188 6250.09137825
1524614400000 0.072891 0.072972 0.066688 0.069575 221923.268 1524700799999 15468.79071812 463680 112271.924 7830.67432266
1524700800000 0.069578 0.072 0.068851 0.071351 156534.544 1524787199999 11107.54024351 342527 77739.409 5518.33909718
1524787200000 0.0714 0.073557 0.070679 0.072081 135904.827 1524873599999 9814.65212974 291988 67691.218 4890.42212771
1524873600000 0.072143 0.073865 0.071992 0.073167 129817.207 1524959999999 9504.45958445 283319 66502.333 4869.91553683
1524960000000 0.073169 0.073601 0.072299 0.073316 146843.949 1525046399999 10736.81034779 347613 73093.047 5346.0753898
1525046400000 0.073316 0.075118 0.07212 0.072536 162921.554 1525132799999 11974.59853109 365826 82280.289 6048.62727506
1525132800000 0.072536 0.074628 0.070492 0.0741 149553.893 1525219199999 10923.49087351 341782 76662.907 5602.99532713
1525219200000 0.0741 0.07522 0.073884 0.074459 131992.843 1525305599999 9833.02838194 303015 70969.968 5289.79594312
1525305600000 0.074459 0.080997 0.074369 0.079958 261509.491 1525391999999 20520.30967864 583550 129414.574 10165.78080648
1525392000000 0.08 0.083189 0.079065 0.08086 199115.127 1525478399999 16158.3145895 387208 98996.07 8031.86526748
1525478400000 0.080957 0.08333 0.080684 0.083081 134390.575 1525564799999 11062.60774429 290342 72679.423 5984.27583215
1525564800000 0.08316 0.084669 0.08 0.0822 131743.963 1525651199999 10843.07895265 296676 66339.853 5463.69353444
1525651200000 0.0822 0.0827 0.07595 0.0804 204147.619 1525737599999 16116.69719877 402722 97181.747 7677.71916242
1525737600000 0.080454 0.082145 0.07905 0.081628 153036.754 1525823999999 12361.1031254 324358 77889.483 6293.15581792
1525824000000 0.081543 0.08176 0.07915 0.080747 147032.645 1525910399999 11821.03733042 270930 76639.576 6165.02785232
1525910400000 0.080747 0.0821 0.080161 0.080199 149418.733 1525996799999 12149.870846 324473 76997.637 6263.83885819
1525996800000 0.080231 0.08225 0.080161 0.082163 28118.925 1526083199999 2289.75135835 56118 15252.817 1242.89469916
