1513555200000 0.0019 0.0069 0.00141 0.00288 25383769.46 1513641599999 64332.42172699 38956 17090313.01 43930.41325365
1513641600000 0.00288 0.003147 0.0025 0.002703 5753321.08 1513727999999 15983.50584357 19591 2775643.55 7827.98312888
1513728000000 0.002703 0.0028 0.00227 0.002718 4236117.31 1513814399999 10858.00721102 13101 1940002.87 5037.59964087
1513814400000 0.002718 0.003797 0.002674 0.003708 6240310.41 1513900799999 20572.87515108 20713 3718319.94 12318.92451526
1513900800000 0.003708 0.00431 0.003357 0.00418 5027647.21 1513987199999 19151.65732979 17306 2940499.9 11284.29332539
1513987200000 0.004187 0.006116 0.004178 0.005751 5424619.98 1514073599999 29666.93435845 30326 3269811.15 17832.80928704
1514073600000 0.005806 0.00645 0.00505 0.00644 2809330.23 1514159999999 16067.5233818 20456 1510845.51 8769.81918609
1514160000000 0.00644 0.0099 0.00629 0.009581 6208249.9 1514246399999 49947.92588037 52170 3988370.35 32012.05317177
1514246400000 0.009698 0.010085 0.0065 0.008272 5810711.45 1514332799999 47076.11428343 52727 2650800.75 21950.42381201
1514332800000 0.008337 0.008337 0.006511 0.006911 3933450.94 1514419199999 27833.35867343 43324 1635375.16 11617.91764844
1514419200000 0.006931 0.008873 0.006301 0.008025 4485504.09 1514505599999 33879.89173172 48594 2598787.9 19970.48520171
1514505600000 0.008055 0.0082 0.00714 0.007472 2016025.22 1514591999999 15302.02536603 29423 861595.73 6584.78098288
1514592000000 0.007474 0.0078 0.007 0.007434 1997083.77 1514678399999 14662.39709527 23738 934680.75 6910.99882594
1514678400000 0.007433 0.0076 0.0071 0.00721 1459145.73 1514764799999 10699.99695021 13324 656462.2 4837.47519567
1514764800000 0.007237 0.0085 0.006661 0.00813 3001896.83 1514851199999 22461.49932191 23828 1806932.02 13636.22675598
1514851200000 0.00813 0.008274 0.0068 0.007506 3223174.54 1514937599999 24468.40036119 31451 1641266.59 12535.15453262
1514937600000 0.007515 0.008 0.0072 0.00774 2664742.17 1515023999999 20314.36419935 24888 1408418.96 10778.25322047
1515024000000 0.007765 0.008054 0.007177 0.007736 3097968.73 1515110399999 23678.59553595 30272 1531604.96 11746.33286172
1515110400000 0.007734 0.007879 0.0067 0.00708 3044274.24 1515196799999 22241.6088947 31185 1258376.64 9285.11140137
1515196800000 0.007132 0.0079 0.006866 0.007742 2922172.2 1515283199999 21947.17115963 26338 1626231.55 12314.70519152
1515283200000 0.007742 0.009634 0.0073 0.008713 5142400.53 1515369599999 43330.89407008 46075 3098799.35 26011.72357773
1515369600000 0.00874 0.00944 0.00844 0.0091 3454317.78 1515455999999 30926.43223989 44423 1815115.28 16330.43440275
1515456000000 0.009096 0.010553 0.009011 0.00943 3892385.02 1515542399999 37837.6590222 51236 2115091.25 20615.78697625
1515542400000 0.009429 0.0096 0.00747 0.00884 2983430.25 1515628799999 25108.51294468 38536 1385031.75 11663.00302969
1515628800000 0.00884 0.00887 0.006261 0.007951 5483547.28 1515715199999 42450.12598939 49407 2533660.91 19762.5392058
1515715200000 0.00795 0.008299 0.007267 0.00782 2269664.57 1515801599999 17688.85522786 30358 1025429.51 8022.90318077
1515801600000 0.00782 0.007947 0.006757 0.007115 2264120.47 1515887999999 16458.31977471 29453 1060441.57 7710.26498736
1515888000000 0.007114 0.007935 0.007075 0.007744 2016831.94 1515974399999 15073.92307047 27619 1138594.64 8524.77888132
1515974400000 0.00774 0.0079 0.00718 0.007726 2069290.1 1516060799999 15629.35790462 29060 1123800.54 8512.57782764
1516060800000 0.007726 0.007726 0.006521 0.00707 3903838.53 1516147199999 27751.33722206 37932 1672646.93 11939.46090499
1516147200000 0.007062 0.00775 0.006302 0.007386 3599921.4 1516233599999 25390.76284404 35161 1822757.17 12932.789323
1516233600000 0.007386 0.008 0.007211 0.007696 2671225.69 1516319999999 20394.22790612 28152 1471643.45 11259.88253453
1516320000000 0.007686 0.0085 0.007397 0.008234 2452975.51 1516406399999 19244.16177661 22957 1354288.0 10688.96828273
1516406400000 0.008234 0.0094 0.00814 0.008941 2867370.39 1516492799999 25107.57007665 37721 1672159.26 14682.9422255
1516492800000 0.008962 0.009005 0.00805 0.008519 2259340.09 1516579199999 19186.33537775 29999 1107441.14 9426.09332815
1516579200000 0.008549 0.008678 0.00792 0.008132 2400072.74 1516665599999 19873.54505975 29089 1078381.56 8970.70484459
1516665600000 0.008132 0.0088 0.00766 0.008366 2796975.72 1516751999999 23115.78568585 33561 1589745.34 13201.82596299
1516752000000 0.008319 0.008999 0.0071 0.0079 4993814.45 1516838399999 40504.81109357 62916 2442441.65 19936.50972887
1516838400000 0.0079 0.008296 0.006308 0.007423 2361479.04 1516924799999 17853.76886744 30702 1084212.68 8279.51098749
1516924800000 0.007423 0.007747 0.0069 0.007534 1943877.73 1517011199999 14240.21103478 25517 1014009.65 7460.88668324
1517011200000 0.007542 0.0076 0.007 0.007144 1174156.14 1517097599999 8548.16578868 15433 552213.24 4030.51136801
1517097600000 0.007144 0.007994 0.006801 0.007681 3882103.69 1517183999999 28731.28608247 48452 2008050.76 14899.75729154
1517184000000 0.007681 0.008141 0.006986 0.008092 3732445.2 1517270399999 28689.93155105 51534 2350605.17 18122.07690592
1517270400000 0.008092 0.008611 0.007504 0.007831 4878379.33 1517356799999 39491.98947361 79784 2441404.88 19862.9112975
1517356800000 0.007815 0.008268 0.00645 0.00692 5109216.74 1517443199999 37044.92168583 75905 2171571.49 15833.13945522
1517443200000 0.00692 0.006968 0.0051 0.00592 5302836.16 1517529599999 30969.20980759 71163 2719283.6 15808.20647146
1517529600000 0.005932 0.00619 0.004801 0.005789 4666089.25 1517615999999 26213.50500833 57402 2356337.22 13313.37072573
1517616000000 0.005785 0.00605 0.00541 0.005581 2277263.57 1517702399999 12987.89483953 32335 1203189.76 6871.03698739
1517702400000 0.00558 0.005711 0.00489 0.005151 3154229.06 1517788799999 16714.31285503 39307 1483303.27 7884.17995992
1517788800000 0.005161 0.005196 0.003957 0.004408 6429570.02 1517875199999 28860.26140921 58308 3267593.08 14750.27299351
1517875200000 0.004408 0.006129 0.0041 0.005573 9357542.17 1517961599999 46456.1400114 93389 4557108.22 22737.8075153
1517961600000 0.005556 0.00587 0.00495 0.005042 4553880.34 1518047999999 24675.57399851 62969 2044463.2 11118.29749795
1518048000000 0.00505 0.005254 0.005042 0.005171 97198.38 1518134399999 502.42450628 1178 47173.3 243.70623273
1518134400000 0.005172 0.005586 0.005071 0.005149 1595212.14 1518220799999 8332.13089377 22876 853151.5 4464.87910143
1518220800000 0.005136 0.00526 0.00458 0.004792 2986160.0 1518307199999 14802.94643189 40484 1459447.21 7257.4427706
1518307200000 0.004792 0.004969 0.004288 0.004686 3418282.16 1518393599999 15819.23205126 44637 1693442.84 7855.99110846
1518393600000 0.004686 0.005198 0.004678 0.004908 2748460.03 1518479999999 13595.76318852 42946 1420021.4 7036.42637792
1518480000000 0.004908 0.005 0.004429 0.004673 2082700.08 1518566399999 9978.21711245 27534 992323.29 4770.10418042
1518566400000 0.004673 0.005 0.0046 0.004792 2255441.38 1518652799999 10790.76646408 31942 1094952.78 5251.51823603
1518652800000 0.004788 0.005258 0.004725 0.005193 2890302.46 1518739199999 14256.61699003 40692 1572411.62 7782.24258037
1518739200000 0.005192 0.005292 0.004893 0.005169 2072851.5 1518825599999 10546.54580503 27911 986158.26 5024.06042084
1518825600000 0.005178 0.005988 0.005112 0.005559 3543884.27 1518911999999 19686.43160677 54799 1958550.31 10880.64577794
1518912000000 0.005557 0.005563 0.005025 0.005142 2085674.72 1518998399999 10936.51584515 34108 867513.63 4553.90462723
1518998400000 0.005146 0.005238 0.004913 0.0051 1549562.48 1519084799999 7911.99451324 25560 653225.81 3341.71085846
1519084800000 0.005105 0.00513 0.004633 0.004702 2215804.75 1519171199999 10819.27402699 35063 917135.22 4491.59183377
1519171200000 0.004708 0.005178 0.004512 0.004784 2608587.32 1519257599999 12474.19166186 40260 1201917.19 5784.81730688
1519257600000 0.004784 0.005 0.004588 0.004667 1886760.67 1519343999999 9017.14206132 32541 854176.0 4098.7088373
1519344000000 0.004667 0.004812 0.004501 0.004618 1566460.51 1519430399999 7261.88922854 24993 664208.11 3086.60911479
1519430400000 0.004617 0.004717 0.004452 0.004583 1284160.27 1519516799999 5842.02235658 16372 526718.06 2400.15816694
1519516800000 0.004581 0.004638 0.004411 0.004608 1248092.57 1519603199999 5634.68326035 13205 624637.48 2822.4222183
1519603200000 0.004609 0.00499 0.004539 0.00462 2434109.45 1519689599999 11519.51877885 31253 1350580.1 6396.31621622
1519689600000 0.004613 0.00466 0.004401 0.00459 1296489.9 1519775999999 5887.19841381 16082 611978.59 2786.62377783
1519776000000 0.004588 0.00459 0.00415 0.004156 1811168.15 1519862399999 7828.83558223 22395 632058.71 2739.19548745
1519862400000 0.004151 0.00442 0.004105 0.00438 1331839.69 1519948799999 5701.05056931 17106 710383.66 3052.89599022
1519948800000 0.004378 0.00446 0.00416 0.004328 1171623.0 1520035199999 5051.55740408 15534 498658.81 2160.85868411
1520035200000 0.00433 0.0045 0.004213 0.004278 1080765.74 1520121599999 4701.29578605 13252 543895.49 2378.3459098
1520121600000 0.004287 0.004349 0.004176 0.004205 1072717.8 1520207999999 4554.81010544 12271 605838.34 2574.44719918
1520208000000 0.004205 0.004259 0.004122 0.004207 909741.97 1520294399999 3809.33535226 11884 446440.86 1872.70985377
1520294400000 0.004201 0.00428 0.003957 0.004197 1815359.31 1520380799999 7487.86106799 19038 955719.56 3959.47383205
1520380800000 0.004197 0.004228 0.003613 0.003999 2122785.99 1520467199999 8466.75790675 26746 834366.56 3339.09217374
1520467200000 0.003999 0.004006 0.0037 0.003717 1604156.77 1520553599999 6147.5062978 16715 769510.69 2953.6764156
1520553600000 0.003717 0.003769 0.003379 0.00373 1662300.03 1520639999999 5945.20646862 18229 689174.8 2470.73440692
1520640000000 0.003739 0.00386 0.003551 0.003607 1095145.35 1520726399999 4054.5051849 12356 498322.3 1848.30965487
1520726400000 0.003608 0.003877 0.003535 0.003835 888322.15 1520812799999 3296.34243056 10327 557015.93 2070.70301331
1520812800000 0.003835 0.00392 0.003723 0.003767 1118787.69 1520899199999 4253.38099203 9678 572014.69 2179.09619975
1520899200000 0.003769 0.004224 0.00375 0.004188 2060905.91 1520985599999 8277.20395154 20964 1275518.47 5135.81683462
1520985600000 0.004193 0.00462 0.003843 0.00388 3185424.41 1521071999999 13353.56973466 29163 1786929.78 7516.36567015
1521072000000 0.00388 0.004002 0.003687 0.003731 1596416.36 1521158399999 6089.7698008 16582 647766.17 2480.76909514
1521158400000 0.00373 0.00386 0.003638 0.003742 1233773.91 1521244799999 4625.54196303 11370 534273.43 2004.39328198
1521244800000 0.003745 0.003759 0.003401 0.003543 1687882.18 1521331199999 6023.36251354 15285 734748.68 2631.51464434
1521331200000 0.003543 0.003862 0.0034 0.003825 2528085.17 1521417599999 9054.46971377 22064 1214857.44 4369.41815993
1521417600000 0.003825 0.004297 0.00371 0.004241 2951038.16 1521503999999 11833.48521795 25692 1631638.06 6566.38949223
1521504000000 0.00424 0.004913 0.004018 0.0047 2428942.22 1521590399999 10674.77031509 24146 1356395.96 5991.79140626
1521590400000 0.004703 0.006633 0.00466 0.00619 9836217.58 1521676799999 57716.31834087 82659 5475792.05 32065.29347332
1521676800000 0.006192 0.007002 0.006155 0.006655 5085401.06 1521763199999 33557.90914336 56697 2723023.28 17963.9097302
1521763200000 0.006668 0.007721 0.00591 0.007461 7109294.59 1521849599999 49917.01372777 74581 3863033.79 27161.08892443
1521849600000 0.007444 0.007579 0.0067 0.006744 2363575.57 1521935999999 16676.65459235 29355 993188.99 7009.4537662
1521936000000 0.006737 0.00705 0.006421 0.006608 1837197.05 1522022399999 12285.74547786 20533 1024871.39 6855.65399977
1522022400000 0.006619 0.006656 0.00585 0.00624 2155566.16 1522108799999 13542.67753794 21843 1050572.94 6612.96818148
1522108800000 0.006239 0.006581 0.006 0.006333 1688277.7 1522195199999 10607.92733746 17235 837818.71 5282.23527254
1522195200000 0.006355 0.006483 0.00625 0.006361 1063657.3 1522281599999 6751.00208092 12082 595766.12 3779.92352048
1522281600000 0.006342 0.006411 0.005854 0.00599 1774663.96 1522367999999 10882.79928691 19795 704900.77 4338.59286036
1522368000000 0.00599 0.006185 0.0056 0.005695 1690416.67 1522454399999 9883.57335363 16984 745526.38 4354.75928276
1522454400000 0.005705 0.005821 0.005437 0.005531 1148987.63 1522540799999 6437.37940309 11057 469964.7 2641.20383143
1522540800000 0.005529 0.005688 0.005151 0.005509 1171760.09 1522627199999 6363.77736227 13414 568526.08 3098.29313164
1522627200000 0.005509 0.005646 0.005204 0.005553 988307.31 1522713599999 5401.55494136 13140 478978.97 2626.22244297
1522713600000 0.005565 0.0062 0.005478 0.005747 1308998.73 1522799999999 7420.1324142 13792 651981.84 3710.56840131
1522800000000 0.005747 0.005957 0.00541 0.005473 1167908.34 1522886399999 6606.61719438 19617 545181.49 3092.45973723
1522886400000 0.005473 0.00557 0.00518 0.005267 1147245.22 1522972799999 6094.41351496 11991 398682.64 2121.26621111
1522972800000 0.005267 0.005307 0.005071 0.005199 878649.63 1523059199999 4554.38016962 9292 383517.57 1990.72477559
1523059200000 0.005195 0.005795 0.005184 0.005407 1480683.75 1523145599999 8156.84025732 16220 793072.65 4374.2282066
1523145600000 0.005422 0.0055 0.005201 0.005247 653882.31 1523231999999 3480.85473125 7400 308949.27 1645.9300061
1523232000000 0.005247 0.00537 0.00495 0.00506 1175286.96 1523318399999 5985.37932679 9427 484519.51 2472.97898866
1523318400000 0.005051 0.005321 0.004967 0.005151 1056843.38 1523404799999 5458.90899632 10014 426820.77 2208.44943593
1523404800000 0.005151 0.0057 0.005042 0.005392 1730881.75 1523491199999 9351.00800287 16995 923542.1 5003.14326984
1523491200000 0.005391 0.005868 0.005243 0.005488 2433289.37 1523577599999 13446.9600208 27225 1126062.65 6244.27763994
1523577600000 0.005485 0.00567 0.005189 0.005199 2319110.74 1523663999999 12521.97042092 20436 1153145.04 6242.98219188
1523664000000 0.005191 0.005335 0.005118 0.005177 798790.34 1523750399999 4164.17964882 7931 363689.09 1899.30125532
1523750400000 0.005183 0.005491 0.005101 0.005379 1351983.94 1523836799999 7170.21635329 12856 659106.04 3500.43232806
1523836800000 0.00539 0.0059 0.005301 0.005717 2125839.01 1523923199999 11905.99211199 18404 1015353.86 5702.64673754
1523923200000 0.005706 0.005777 0.005544 0.005661 1157989.07 1524009599999 6563.09412583 11664 549199.1 3117.07893118
1524009600000 0.005652 0.006358 0.005571 0.006191 1678865.68 1524095999999 10026.21587249 20405 855457.52 5121.78487852
1524096000000 0.006191 0.00646 0.0059 0.005982 1606349.0 1524182399999 9869.72185014 20158 708558.39 4361.2143266
1524182400000 0.005981 0.006195 0.005654 0.00582 2122016.18 1524268799999 12412.79032861 20928 1077298.93 6304.80149738
1524268800000 0.005815 0.0061 0.005606 0.005805 936083.97 1524355199999 5466.28102132 13233 438518.51 2561.57003977
1524355200000 0.005806 0.005849 0.005535 0.005682 653355.27 1524441599999 3712.06940883 9202 279332.04 1590.56966533
1524441600000 0.005682 0.006123 0.005513 0.006074 1367344.33 1524527999999 8065.32849697 16563 664665.93 3922.02773358
1524528000000 0.00607 0.00649 0.005886 0.005973 2327403.32 1524614399999 14303.92932502 25493 1148586.49 7080.28348877
1524614400000 0.005976 0.006267 0.0057 0.005973 2128191.76 1524700799999 12765.22192268 25235 1017079.98 6109.95686283
1524700800000 0.005986 0.006489 0.005876 0.006463 1427654.43 1524787199999 8816.07412435 19707 767465.83 4751.9756687
1524787200000 0.00647 0.006936 0.006256 0.006626 2960080.52 1524873599999 19692.63714872 34622 1375377.61 9146.3675965
1524873600000 0.006606 0.007199 0.0066 0.007065 1890593.33 1524959999999 13217.88387277 26672 1022943.56 7156.07633989
1524960000000 0.007065 0.00707 0.006501 0.006763 1735971.03 1525046399999 11727.88101792 29348 807761.36 5462.66989205
1525046400000 0.00677 0.006793 0.006201 0.006465 1887444.58 1525132799999 12217.53426207 28064 949694.17 6141.93391962
1525132800000 0.006454 0.006588 0.006213 0.006502 1239000.69 1525219199999 7913.43764584 18994 549809.77 3521.99179628
1525219200000 0.006516 0.006516 0.006282 0.006341 885677.51 1525305599999 5639.37792166 13854 449810.26 2864.32554774
1525305600000 0.006343 0.006434 0.0054 0.005629 1779715.4 1525391999999 10706.72209643 22513 767468.26 4624.39469011
1525392000000 0.005629 0.00582 0.005199 0.005763 1627371.19 1525478399999 8972.45005437 16287 817375.39 4508.55939711
1525478400000 0.00576 0.005789 0.00525 0.00537 868047.2 1525564799999 4716.9681177 10124 439706.7 2388.400145
1525564800000 0.00537 0.00545 0.0051 0.005338 680768.82 1525651199999 3609.18104882 9199 313839.35 1666.40867842
1525651200000 0.005346 0.0058 0.005239 0.005652 1100373.76 1525737599999 6118.10685372 13552 590035.91 3287.32610799
1525737600000 0.005672 0.005982 0.005589 0.005842 1037542.59 1525823999999 5979.92549608 14960 513428.15 2960.71553499
1525824000000 0.005855 0.005879 0.0055 0.005552 829045.04 1525910399999 4718.1301521 12279 406210.1 2316.64933898
1525910400000 0.005556 0.00566 0.00525 0.005277 957057.78 1525996799999 5252.70568589 12722 525581.82 2888.62458619
1525996800000 0.005268 0.005351 0.0052 0.005334 150674.17 1526083199999 791.91426494 2142 75677.95 398.20422539
