1513555200000 0.0001 0.00024 5.5e-05 0.0001193 71077464.84 1513641599999 7218.20368009 85974 33205667.38 3408.81332517
1513641600000 0.0001193 0.0001386 0.0001106 0.0001255 22342972.34 1513727999999 2790.79703202 46360 10577859.55 1324.56912093
1513728000000 0.0001255 0.000135 0.0001016 0.000131 16497763.0 1513814399999 1990.08612192 28474 8330117.27 1015.19968318
1513814400000 0.000131 0.0001924 0.0001278 0.0001861 22528289.42 1513900799999 3673.98258258 44219 13157401.8 2138.34461798
1513900800000 0.0001861 0.0002067 0.0001648 0.0001995 14629567.21 1513987199999 2706.98051352 31633 7085424.97 1326.8688368
1513987200000 0.0001991 0.0002989 0.000198 0.0002807 17885475.38 1514073599999 4714.96428407 58983 8850716.73 2328.40028599
1514073600000 0.0002802 0.000315 0.0002475 0.0003132 8742946.6 1514159999999 2434.08939786 34605 4263436.0 1198.51398081
1514160000000 0.0003132 0.0005222 0.0003115 0.0005028 21552477.68 1514246399999 9083.05777432 102549 11230815.12 4740.42304642
1514246400000 0.0005003 0.0005305 0.0003067 0.0003969 26485016.16 1514332799999 10386.34106245 112775 12546782.91 4927.79821938
1514332800000 0.0003969 0.0003974 0.0003015 0.00033 16965211.11 1514419199999 5728.55905154 76920 8086909.84 2733.01237605
1514419200000 0.00033 0.000435 0.0003075 0.0004013 17053028.81 1514505599999 6411.96395967 81751 8732694.96 3282.64020025
1514505600000 0.0004013 0.0004128 0.000363 0.0003811 8111529.73 1514591999999 3122.26186004 51198 3757692.76 1448.20327577
1514592000000 0.0003811 0.000416 0.0003612 0.0004085 6585310.44 1514678399999 2576.01806374 39373 3386913.29 1328.46272036
1514678400000 0.0004087 0.0004159 0.00038 0.000386 4669981.97 1514764799999 1848.08948292 26516 2033591.9 805.85267913
1514764800000 0.000386 0.0004789 0.0003765 0.0004589 8303799.97 1514851199999 3499.31480206 45916 4382220.7 1848.68747396
1514851200000 0.000457 0.0005168 0.0003525 0.000438 13491072.09 1514937599999 6123.80011004 74636 6529986.18 2986.01683362
1514937600000 0.0004377 0.0004999 0.000408 0.0004848 7759987.17 1515023999999 3517.25553234 49628 3664316.38 1664.19667122
1515024000000 0.0004848 0.0005548 0.0004523 0.0004843 10817886.04 1515110399999 5388.25906649 64910 5382214.92 2693.83576785
1515110400000 0.0004805 0.0005468 0.0003737 0.000402 13300850.06 1515196799999 5917.87157731 69341 5995365.81 2686.9381339
1515196800000 0.000402 0.000479 0.0003966 0.000454 9124152.21 1515283199999 4054.53225678 48840 4250191.64 1889.42017257
1515283200000 0.0004539 0.000665 0.0004424 0.0006099 15006587.99 1515369599999 8517.21356519 90236 7841968.97 4442.28959019
1515369600000 0.0006099 0.00072 0.0005962 0.0006901 10949049.98 1515455999999 7367.25788597 86692 5780127.93 3896.44544275
1515456000000 0.0006901 0.0008595 0.0006865 0.0008458 10781897.86 1515542399999 8506.7808347 98353 5723897.11 4518.64274606
1515542400000 0.0008488 0.0008685 0.000725 0.0007402 6527816.27 1515628799999 5121.31562625 67511 2609241.55 2057.42647159
1515628800000 0.0007425 0.0007973 0.0005766 0.0006837 12820538.11 1515715199999 8811.78438063 89071 5888306.41 4070.80466316
1515715200000 0.0006838 0.0007495 0.0006502 0.000712 5816273.43 1515801599999 4054.68556908 58093 3080896.07 2149.95223857
1515801600000 0.000712 0.0007308 0.0006504 0.0006949 5540293.36 1515887999999 3799.25423564 58062 2359103.2 1621.59992113
1515888000000 0.000695 0.0007905 0.00069 0.000772 5860018.67 1515974399999 4293.10693916 54358 3016959.2 2219.94486464
1515974400000 0.000772 0.0007905 0.000671 0.000726 5223221.57 1516060799999 3774.25778553 55856 2249832.43 1626.0199552
1516060800000 0.000726 0.0007295 0.0005669 0.0006483 8206069.35 1516147199999 5325.55986539 62076 3473859.36 2264.15721118
1516147200000 0.0006482 0.000705 0.0005309 0.0006747 8028162.98 1516233599999 4971.131991 57326 3876079.54 2415.73006112
1516233600000 0.0006747 0.0007334 0.0006363 0.0006966 6048495.82 1516319999999 4172.75836081 50930 2909849.97 2013.27810263
1516320000000 0.0006968 0.0007395 0.0006666 0.0007392 4527571.42 1516406399999 3216.96903117 41443 2266189.99 1612.90843192
1516406400000 0.000739 0.000845 0.0007203 0.0008055 7643452.39 1516492799999 6029.06050327 73695 3893212.8 3066.19693573
1516492800000 0.0008055 0.0008108 0.0007277 0.000778 5916080.54 1516579199999 4549.78505553 61529 2619960.19 2018.62023746
1516579200000 0.000778 0.0008 0.00072 0.0007511 5703957.42 1516665599999 4334.1424607 54396 2682263.02 2040.38549636
1516665600000 0.0007511 0.0007993 0.000704 0.0007546 5998192.39 1516751999999 4511.68749561 65219 2852742.35 2151.04181274
1516752000000 0.0007559 0.0008376 0.0006589 0.0007382 14107635.77 1516838399999 10630.2085857 128640 7019551.12 5321.49059068
1516838400000 0.0007382 0.000776 0.0006893 0.0007006 5836902.73 1516924799999 4205.6002323 68383 2400266.85 1734.79321114
1516924800000 0.0007004 0.0007328 0.000653 0.0007138 4272578.99 1517011199999 2969.99482844 49118 1959700.6 1365.87768313
1517011200000 0.0007137 0.0007218 0.0006789 0.000696 2220716.68 1517097599999 1549.40180426 30383 1006046.16 702.86657944
1517097600000 0.000696 0.0008344 0.0006815 0.0008076 10549293.4 1517183999999 8108.52095709 113058 5523704.81 4268.46476815
1517184000000 0.0008077 0.00085 0.0007781 0.000847 7180302.62 1517270399999 5811.39478473 92187 3527126.15 2865.75415422
1517270400000 0.000847 0.0009194 0.000795 0.0008271 16095145.74 1517356799999 13808.22268683 174482 8147282.1 7009.6464702
1517356800000 0.0008272 0.000887 0.0007141 0.0007585 14286409.57 1517443199999 11171.61586866 154463 6831427.72 5358.88184607
1517443200000 0.0007586 0.0007632 0.000626 0.0006697 11663059.85 1517529599999 7880.60359365 118940 4834965.58 3261.61446795
1517529600000 0.0006696 0.0006699 0.00047 0.0006011 11828007.71 1517615999999 6993.73702991 96791 5285584.68 3123.44497224
1517616000000 0.0006012 0.0006398 0.000565 0.0005882 4611777.75 1517702399999 2775.39830826 54409 2062441.29 1242.12775024
1517702400000 0.0005882 0.000592 0.0005009 0.0005198 7122452.04 1517788799999 3870.94547083 75720 2967884.39 1613.29396619
1517788800000 0.0005198 0.0005274 0.0003799 0.0004447 17701287.25 1517875199999 7909.88759146 109690 7563345.24 3377.78767538
1517875200000 0.0004448 0.0006175 0.0003911 0.000569 28853597.6 1517961599999 14487.31121906 188610 14457196.16 7326.68545608
1517961600000 0.0005689 0.0005949 0.0004921 0.000503 15180577.97 1518047999999 8270.12560859 126270 7336094.29 4005.38090051
1518048000000 0.000503 0.0005287 0.0004988 0.0005177 425602.48 1518134399999 219.17853812 2738 223227.72 114.93964255
1518134400000 0.000518 0.0005599 0.00051 0.0005197 4806620.41 1518220799999 2527.0584355 49816 2306848.01 1213.8876819
1518220800000 0.0005194 0.00053 0.0004569 0.0004761 9359888.57 1518307199999 4646.87787509 82960 4365749.92 2168.33616163
1518307200000 0.0004785 0.0005001 0.0004303 0.0004705 10349467.03 1518393599999 4817.81462617 89295 5022653.11 2336.93844279
1518393600000 0.0004709 0.000518 0.0004691 0.0004779 8510906.52 1518479999999 4177.39167879 89971 4065153.22 1996.98092233
1518480000000 0.0004779 0.0004865 0.0004588 0.00046 6145226.89 1518566399999 2887.6402687 53131 2483262.98 1168.55983574
1518566400000 0.0004597 0.0004913 0.0004482 0.0004658 7318950.06 1518652799999 3422.7059236 68755 3466112.16 1621.37402079
1518652800000 0.0004658 0.0004848 0.0004427 0.0004799 8444905.55 1518739199999 3916.01623153 80740 3858884.3 1791.64543394
1518739200000 0.00048 0.0004882 0.0004604 0.0004776 5907985.27 1518825599999 2793.45984479 56264 2700772.52 1279.07460272
1518825600000 0.000477 0.000537 0.000465 0.0004871 12981366.01 1518911999999 6510.71704619 115927 6282851.9 3156.56356595
1518912000000 0.0004872 0.0004882 0.000445 0.0004514 7163926.76 1518998399999 3307.5470722 66305 3080199.48 1422.33312682
1518998400000 0.000451 0.000459 0.0004224 0.0004309 5117890.27 1519084799999 2244.81334807 49704 2197936.11 963.87503442
1519084800000 0.0004306 0.0004311 0.0003606 0.0003706 8924211.87 1519171199999 3509.93400678 68728 3883560.09 1523.91982949
1519171200000 0.0003712 0.0004193 0.0003552 0.0003832 8924407.12 1519257599999 3429.02139922 73991 4192219.03 1611.33989159
1519257600000 0.0003832 0.000405 0.000368 0.0003808 6632992.17 1519343999999 2550.48158901 55346 2911811.72 1121.44416871
1519344000000 0.0003808 0.000407 0.0003754 0.0003884 4978334.08 1519430399999 1949.15683938 45144 2351991.78 919.98191496
1519430400000 0.0003883 0.0003964 0.000379 0.0003941 3096054.06 1519516799999 1194.75399927 27326 1456675.73 563.21429684
1519516800000 0.0003941 0.000407 0.000388 0.0004046 3725783.28 1519603199999 1472.43202333 27240 1944282.41 769.12677672
1519603200000 0.0004046 0.0004433 0.0003858 0.0003886 10232750.49 1519689599999 4256.37376899 67054 4764502.58 1986.90748083
1519689600000 0.0003886 0.0003939 0.000365 0.0003773 3967839.97 1519775999999 1497.24179531 30065 1713333.69 645.13620504
1519776000000 0.0003775 0.0003783 0.0003333 0.000343 5270358.9 1519862399999 1859.36689738 36189 2546750.26 898.15352141
1519862400000 0.0003429 0.0003565 0.000339 0.0003492 3500818.05 1519948799999 1216.47954868 28301 1494430.49 519.69004826
1519948800000 0.0003492 0.000353 0.000328 0.0003363 3482335.63 1520035199999 1179.59189515 28499 1530738.82 518.23350171
1520035200000 0.0003363 0.000349 0.0003153 0.0003196 3090285.01 1520121599999 1016.63344441 24552 1323097.76 435.59262387
1520121600000 0.00032 0.0003375 0.000315 0.0003167 3023683.2 1520207999999 979.8087053 24007 1328406.32 430.77263243
1520208000000 0.0003165 0.0003196 0.0003038 0.0003106 3154736.61 1520294399999 984.75867435 21817 1430518.69 445.9356279
1520294400000 0.0003106 0.0003276 0.0003005 0.0003186 6165428.26 1520380799999 1931.29299615 38594 2852346.47 895.22700959
1520380800000 0.0003187 0.000322 0.0002685 0.0003026 8184672.62 1520467199999 2437.78643516 47892 3601274.73 1074.55516276
1520467200000 0.0003033 0.0003065 0.000278 0.0002788 4701441.23 1520553599999 1368.72797755 28466 2160918.66 630.42914541
1520553600000 0.0002795 0.0002936 0.00026 0.000292 5419507.33 1520639999999 1485.20235958 32079 2600362.77 715.65775324
1520640000000 0.0002922 0.0002996 0.0002767 0.0002797 3255828.68 1520726399999 942.64809324 23171 1585456.41 459.82038433
1520726400000 0.0002798 0.000294 0.0002773 0.0002905 2369906.71 1520812799999 681.32588497 24867 1089094.34 313.50819577
1520812800000 0.0002904 0.000295 0.0002833 0.0002883 2762320.88 1520899199999 794.51401333 16631 1261023.03 363.38879184
1520899200000 0.0002883 0.0003216 0.0002852 0.0003158 10464325.8 1520985599999 3217.80863364 55032 5260303.15 1620.03202715
1520985600000 0.0003164 0.0003415 0.0002841 0.0002895 16615283.34 1521071999999 5230.08868335 75708 8002366.79 2520.49731228
1521072000000 0.0002894 0.0002966 0.0002715 0.0002749 10493293.85 1521158399999 2964.85522852 41894 5124172.02 1450.52387556
1521158400000 0.0002748 0.0002823 0.0002679 0.0002704 8385474.47 1521244799999 2304.08420159 30332 4288216.62 1179.30038665
1521244800000 0.0002709 0.0002744 0.0002424 0.0002475 9282442.34 1521331199999 2400.88756184 34839 4536199.48 1174.87543895
1521331200000 0.0002474 0.0002582 0.0002135 0.0002509 14035111.96 1521417599999 3299.68316219 55883 7051950.58 1664.14392961
1521417600000 0.000251 0.0002772 0.0002386 0.0002737 13578229.09 1521503999999 3501.51726013 50673 7141973.71 1843.72141656
1521504000000 0.0002737 0.0003085 0.0002542 0.0002942 15947538.69 1521590399999 4378.47226079 61360 8170889.57 2247.36973495
1521590400000 0.0002942 0.0004179 0.0002929 0.0003902 56137239.96 1521676799999 20901.49896501 234628 29196685.56 10860.89950344
1521676800000 0.0003908 0.0004424 0.0003823 0.000413 29493091.23 1521763199999 12145.22833953 140642 14621916.29 6031.43229213
1521763200000 0.0004132 0.0004744 0.0003657 0.0004541 38271686.39 1521849599999 16458.85425648 179740 18927424.62 8158.69099893
1521849600000 0.0004541 0.0004598 0.000408 0.000411 13812902.13 1521935999999 5901.38992872 77929 6977173.92 2982.89658689
1521936000000 0.0004105 0.0004299 0.0003919 0.0004088 10942245.37 1522022399999 4470.53747559 61708 5762623.82 2355.63309233
1522022400000 0.0004092 0.0004129 0.0003509 0.0003727 14177597.83 1522108799999 5389.83900707 61379 6843224.72 2611.04519519
1522108800000 0.0003727 0.000378 0.000352 0.0003642 12842231.24 1522195199999 4683.49915346 46660 6891837.57 2513.33238673
1522195200000 0.0003642 0.0003722 0.0003523 0.0003563 12903315.83 1522281599999 4673.1032171 37835 6811837.79 2467.21425185
1522281600000 0.000356 0.000361 0.0003197 0.0003238 16991258.25 1522367999999 5752.94419739 54165 8546491.71 2892.68037003
1522368000000 0.0003238 0.0003434 0.0003133 0.000327 17244282.18 1522454399999 5614.10919157 52235 8621845.35 2807.41119827
1522454400000 0.0003273 0.000335 0.00031 0.0003146 12731989.48 1522540799999 4098.85928984 39150 6652799.71 2143.08379921
1522540800000 0.0003146 0.0003164 0.0002879 0.0003059 9055983.81 1522627199999 2747.72936968 42247 4460123.95 1354.56203135
1522627200000 0.0003059 0.000314 0.0002844 0.0003032 9010132.8 1522713599999 2711.9195177 39811 4585876.94 1382.36674845
1522713600000 0.0003034 0.0003235 0.0002983 0.0003217 10189451.74 1522799999999 3147.6048363 42652 5146893.31 1591.04837866
1522800000000 0.0003217 0.0003245 0.000301 0.0003043 9686483.8 1522886399999 3012.16037385 42007 4450438.23 1385.20102591
1522886400000 0.0003044 0.0003157 0.0002905 0.0002966 9054424.49 1522972799999 2693.93674568 41044 4309872.31 1283.67683284
1522972800000 0.0002966 0.000299 0.0002805 0.0002908 9554213.23 1523059199999 2767.2111488 34036 4531148.16 1311.87282274
1523059200000 0.0002907 0.0003238 0.0002894 0.0003018 15468693.03 1523145599999 4727.17428449 54190 7322114.88 2239.34512194
1523145600000 0.0003018 0.0003058 0.0002963 0.0002998 10331794.36 1523231999999 3101.33367124 28246 4944017.05 1484.66132465
1523232000000 0.0002998 0.0003101 0.000291 0.000297 11959291.52 1523318399999 3560.20847177 35172 6015845.86 1790.87503328
1523318400000 0.0002967 0.0003193 0.0002928 0.0003129 12903440.93 1523404799999 3930.6097293 40162 6494010.76 1980.09406135
1523404800000 0.0003129 0.000347 0.0003076 0.0003331 16451366.59 1523491199999 5400.42229555 64745 8080630.11 2652.62455062
1523491200000 0.0003331 0.0003671 0.0003117 0.000342 19889468.91 1523577599999 6746.26087657 87173 9416982.14 3201.21184618
1523577600000 0.000342 0.0003549 0.0003223 0.0003251 11159321.72 1523663999999 3797.09547476 65405 4886730.59 1662.1313871
1523664000000 0.0003255 0.0003378 0.0003171 0.0003259 4123169.81 1523750399999 1348.08569002 26326 1870775.32 612.41346459
1523750400000 0.0003259 0.00035 0.0003201 0.0003438 6364953.76 1523836799999 2141.878874 47994 3051485.81 1028.65394161
1523836800000 0.0003441 0.0003734 0.000338 0.0003633 11112034.62 1523923199999 3952.4155243 65564 5556851.11 1980.43509386
1523923200000 0.0003629 0.000368 0.000352 0.0003609 6651194.03 1524009599999 2394.4995911 42374 3035092.23 1094.22434506
1524009600000 0.000361 0.0004071 0.0003583 0.000398 10356399.36 1524095999999 3966.17908652 69049 5327707.06 2042.51787932
1524096000000 0.0003975 0.0004195 0.0003878 0.0004106 9275448.66 1524182399999 3759.48033468 73831 4534378.03 1841.01802724
1524182400000 0.0004107 0.0004312 0.000389 0.0004054 10402452.85 1524268799999 4235.93585506 81126 4722503.9 1930.89964291
1524268800000 0.0004055 0.0004184 0.0003741 0.0003943 8002825.71 1524355199999 3185.27413825 54777 3765802.02 1501.74964213
1524355200000 0.0003946 0.0004081 0.0003862 0.0004023 5021261.56 1524441599999 2002.09725705 38249 2366890.16 944.40724927
1524441600000 0.0004021 0.0004411 0.0003957 0.000437 11250601.62 1524527999999 4770.88833722 72121 5649275.94 2399.76872479
1524528000000 0.0004369 0.0004771 0.0004265 0.0004375 17010239.81 1524614399999 7745.35936947 114026 8561093.26 3902.87328575
1524614400000 0.0004359 0.0004546 0.0003931 0.000416 15574951.95 1524700799999 6523.06458739 101010 6956413.39 2919.63057375
1524700800000 0.0004163 0.0004643 0.0004102 0.0004612 10836790.13 1524787199999 4733.83144722 76690 5357595.2 2345.63608676
1524787200000 0.0004612 0.0005085 0.0004443 0.0004771 21984280.79 1524873599999 10578.27463744 137619 11223012.69 5403.82019864
1524873600000 0.0004771 0.0005249 0.0004758 0.0005161 12884811.95 1524959999999 6591.56037052 95218 6570218.4 3361.51303039
1524960000000 0.000516 0.0005177 0.0004736 0.0004965 11779930.14 1525046399999 5816.34817791 93520 5451588.39 2693.84062107
1525046400000 0.0004965 0.0004982 0.000456 0.0004693 13127397.98 1525132799999 6252.76288465 104390 6084685.2 2897.48787559
1525132800000 0.0004687 0.0004868 0.0004424 0.0004821 9090836.44 1525219199999 4238.93434687 75250 4013849.95 1874.89657287
1525219200000 0.0004827 0.000485 0.0004669 0.0004732 5214797.25 1525305599999 2473.87425169 48166 2487107.18 1180.32122005
1525305600000 0.0004732 0.0004927 0.0004439 0.0004501 10403589.12 1525391999999 4920.34960239 85984 4658542.54 2205.91169307
1525392000000 0.0004501 0.0004688 0.0004285 0.0004668 8575127.14 1525478399999 3862.65883933 66172 4202196.87 1896.89911541
1525478400000 0.0004662 0.000467 0.000436 0.000446 4704118.81 1525564799999 2106.38936314 40002 2128876.22 952.87243839
1525564800000 0.000446 0.0004473 0.0004243 0.0004389 4093647.79 1525651199999 1786.24566325 34364 1765687.31 771.43135895
1525651200000 0.0004396 0.000461 0.0004229 0.0004551 5190289.06 1525737599999 2287.90472786 42908 2348874.9 1037.36069091
1525737600000 0.0004551 0.000485 0.0004484 0.0004781 6946722.44 1525823999999 3241.90000713 64624 3210991.17 1499.50959926
1525824000000 0.0004781 0.0004786 0.0004444 0.0004494 4572794.46 1525910399999 2094.4936536 47766 1951203.61 893.4402583
1525910400000 0.0004493 0.0004614 0.0004208 0.0004233 4370484.63 1525996799999 1947.44793303 47348 1907980.49 851.26632953
1525996800000 0.0004232 0.0004401 0.0004205 0.0004392 921759.1 1526083199999 394.81450544 6945 469849.25 201.54655191
