1506729600000 7e-05 0.00055555 7e-05 0.00014119 1236063.0 1506815999999 190.5259847 6316 539770.0 83.38915258
1506816000000 0.00014119 0.00014856 0.000135 0.00013665 928427.0 1506902399999 131.87459336 7986 431610.0 61.45698806
1506902400000 0.00013634 0.00014182 0.00012752 0.0001305 2108224.0 1506988799999 281.38855508 14733 1042066.0 139.40924256
1506988800000 0.00013026 0.00013426 0.00012091 0.00013084 2660555.0 1507075199999 339.54052228 18472 1258075.0 160.65280032
1507075200000 0.00013086 0.00013459 0.0001242 0.0001304 2549479.0 1507161599999 328.80261332 18203 1246527.0 161.00902947
1507161600000 0.0001304 0.00013287 0.00012101 0.00012603 2333828.0 1507247999999 299.43240464 17146 1172820.0 150.77747871
1507248000000 0.00012603 0.00012898 0.00011 0.00011611 2499146.0 1507334399999 310.92182107 17645 1255788.0 156.70139258
1507334400000 0.00011611 0.00012397 0.0001127 0.00012162 2385231.0 1507420799999 280.77017404 17032 1172736.0 138.26594427
1507420800000 0.00012162 0.00012204 0.00010676 0.00010901 2315800.0 1507507199999 269.34439878 16324 1101076.0 128.64289475
1507507200000 0.00010804 0.0001147 9.546e-05 9.952e-05 2299966.0 1507593599999 240.38893795 14426 1008015.0 105.94160828
1507593600000 9.952e-05 0.00010555 9.301e-05 0.00010161 2305993.0 1507679999999 226.9950902 15858 1124911.0 110.89421453
1507680000000 0.00010141 0.00010329 9.657e-05 0.00010038 2583247.0 1507766399999 257.07248622 17149 1254934.0 124.939342
1507766400000 0.00010036 0.00010115 7.408e-05 7.753e-05 1922348.0 1507852799999 174.52379295 12188 884386.0 80.62269204
1507852800000 7.753e-05 8.298e-05 7.061e-05 8.097e-05 2092298.0 1507939199999 160.73186795 9307 915487.0 70.56413532
1507939200000 8.002e-05 8.779e-05 7.78e-05 7.971e-05 1557405.0 1508025599999 126.70589104 5848 727145.0 59.4502738
1508025600000 7.969e-05 8.052e-05 7.504e-05 7.802e-05 1547533.0 1508111999999 121.05364735 4936 678109.0 53.17771057
1508112000000 7.84e-05 0.00011473 7.619e-05 7.952e-05 3327873.0 1508198399999 264.07233683 5920 1520654.0 121.37540389
1508198400000 7.976e-05 9.267e-05 7.836e-05 8.425e-05 5902562.0 1508284799999 475.70708824 7240 2570145.0 207.87495133
1508284800000 8.46e-05 9.249e-05 8.202e-05 8.239e-05 4909482.0 1508371199999 425.11088977 6390 2489900.0 217.14198097
1508371200000 8.254e-05 8.417e-05 7.352e-05 7.747e-05 4274700.0 1508457599999 337.6196577 6375 1870010.0 149.31859735
1508457600000 7.676e-05 7.748e-05 6.393e-05 6.802e-05 4872006.0 1508543999999 348.79053054 6175 2130689.0 151.62352485
1508544000000 6.803e-05 7.028e-05 5.974e-05 6.898e-05 3523590.0 1508630399999 229.1592158 4430 1503891.0 98.17924843
1508630400000 6.899e-05 7.62e-05 6.668e-05 7.31e-05 3827754.0 1508716799999 276.4920911 4580 1994989.0 144.11527703
1508716800000 7.24e-05 7.611e-05 6.781e-05 7.611e-05 3762337.0 1508803199999 271.22313675 4450 1975522.0 143.14646689
1508803200000 7.499e-05 9.639e-05 7.154e-05 8.694e-05 5622491.0 1508889599999 486.68544618 6782 2848279.0 246.64158686
1508889600000 8.693e-05 8.7e-05 8.08e-05 8.247e-05 6167374.0 1508975999999 516.84912147 6749 3596711.0 302.37358076
1508976000000 8.246e-05 8.533e-05 7.359e-05 7.517e-05 4473901.0 1509062399999 350.55336456 5056 1811028.0 141.35777076
1509062400000 7.516e-05 7.85e-05 7.111e-05 7.359e-05 3495612.0 1509148799999 262.68053159 4117 1672186.0 125.77133771
1509148800000 7.379e-05 7.491e-05 7.257e-05 7.369e-05 4691895.0 1509235199999 347.96508392 5271 2664646.0 198.04781089
1509235200000 7.369e-05 7.629e-05 7e-05 7.202e-05 4694474.0 1509321599999 344.60982181 5350 2017557.0 148.43798308
1509321600000 7.242e-05 7.45e-05 6.303e-05 6.656e-05 4904006.0 1509407999999 329.71921986 5858 1770560.0 119.37858472
1509408000000 6.656e-05 6.656e-05 6.028e-05 6.078e-05 3955334.0 1509494399999 250.57003055 5000 2175842.0 137.99804877
1509494400000 6.078e-05 6.231e-05 1e-07 5.315e-05 5055701.0 1509580799999 286.49073164 5538 2207626.0 126.91785261
1509580800000 5.315e-05 5.601e-05 1e-05 5.205e-05 4696077.0 1509667199999 235.83245428 5413 2585237.0 130.3184489
1509667200000 5.162e-05 5.55e-05 4.928e-05 5.548e-05 5008365.0 1509753599999 257.72584347 5845 3011378.0 155.16828916
1509753600000 5.544e-05 5.625e-05 5e-05 5.012e-05 4087756.0 1509839999999 214.47356325 5201 2081288.0 109.69034557
1509840000000 5.01e-05 5.149e-05 4.523e-05 4.715e-05 4447197.0 1509926399999 212.49709229 5033 2067832.0 99.7932279
1509926400000 4.726e-05 5.579e-05 4.709e-05 5.354e-05 4588893.0 1510012799999 230.11248089 4914 2110025.0 106.28908915
1510012800000 5.356e-05 5.559e-05 5.124e-05 5.432e-05 4692048.0 1510099199999 253.30996849 5172 2328439.0 125.75266396
1510099200000 5.431e-05 6.87e-05 5.3e-05 6.66e-05 7081863.0 1510185599999 425.21692315 8408 3212385.0 192.87109925
1510185600000 6.428e-05 8.45e-05 6.335e-05 7.601e-05 6389036.0 1510271999999 483.59684666 7759 2680930.0 204.95165031
1510272000000 7.603e-05 8.712e-05 6.9e-05 7.66e-05 6371708.0 1510358399999 479.88954013 7921 2881260.0 218.2065807
1510358400000 7.735e-05 0.0001007 7.149e-05 0.0001007 6626753.0 1510444799999 570.42155855 7461 3378027.0 293.24822745
1510444800000 0.00010011 0.00011148 8.966e-05 0.00010504 8812712.0 1510531199999 872.96564493 14035 4272078.0 423.89861862
1510531200000 0.00010592 0.0001295 8.805e-05 9.207e-05 8231327.0 1510617599999 835.70259502 10642 3436165.0 352.33330949
1510617600000 9.207e-05 9.648e-05 8.3e-05 9.347e-05 6619199.0 1510703999999 594.36190243 8301 3147300.0 283.0432585
1510704000000 9.347e-05 0.000111 9.077e-05 0.00011005 10213948.0 1510790399999 1005.10714456 13978 4617074.0 456.34693444
1510790400000 0.00011005 0.00011617 9.987e-05 0.000104 12644997.0 1510876799999 1365.65539684 17769 6216750.0 673.04740589
1510876800000 0.00010399 0.0001131 9.573e-05 0.00010307 18176029.0 1510963199999 1876.29553599 13914 9074787.0 937.9676651
1510963200000 0.00010307 0.00010888 9.956e-05 0.00010513 17363798.0 1511049599999 1791.15003838 11240 9155082.0 944.76748617
1511049600000 0.00010462 0.00011422 0.00010374 0.00010982 21656445.0 1511135999999 2352.6710252 13668 11877578.0 1290.04833945
1511136000000 0.00010932 0.00012547 0.0001072 0.00011913 25939789.0 1511222399999 3018.07258181 17315 12752023.0 1483.40785962
1511222400000 0.00011903 0.00012241 0.00010122 0.00011224 20470231.0 1511308799999 2297.57994644 16026 9695700.0 1091.13870121
1511308800000 0.0001122 0.0001178 0.000101 0.00010964 22774906.0 1511395199999 2541.03011568 14727 11711200.0 1309.2962458
1511395200000 0.00010951 0.0001124 9.6e-05 9.931e-05 17766441.0 1511481599999 1906.50002427 12128 9283697.0 996.83842589
1511481600000 9.894e-05 0.000103 8.78e-05 9.717e-05 22022693.0 1511567999999 2077.82966627 17607 10627873.0 1003.03770912
1511568000000 9.716e-05 9.9e-05 8.985e-05 9.179e-05 20233629.0 1511654399999 1912.32109135 14657 9761952.0 923.76023086
1511654400000 9.178e-05 9.619e-05 8.255e-05 9.1e-05 20904267.0 1511740799999 1845.05928376 12264 9151293.0 808.1501683
1511740800000 9.099e-05 0.00011547 8.291e-05 0.00010658 26138973.0 1511827199999 2541.8919488 22844 13135740.0 1282.63582705
1511827200000 0.00010659 0.00016641 0.00010343 0.000155 43068892.0 1511913599999 5388.07232986 52548 22801661.0 2864.76746638
1511913600000 0.00015499 0.0001631 0.0001178 0.00012909 32052258.0 1511999999999 4469.89003597 45216 15233480.0 2130.1112153
1512000000000 0.00012937 0.00013631 0.00012223 0.00013 26696242.0 1512086399999 3465.55233689 25511 17853918.0 2317.50110551
1512086400000 0.00013 0.00013699 0.000128 0.00013177 23461385.0 1512172799999 3069.67355417 20926 15770428.0 2064.34891642
1512172800000 0.00013177 0.00013268 0.000122 0.00013081 21136067.0 1512259199999 2713.97641354 18733 14349306.0 1842.22847988
1512259200000 0.00013081 0.0001718 0.0001283 0.00016551 30864922.0 1512345599999 4644.95559093 46115 19586953.0 2919.49217107
1512345600000 0.00016551 0.00026979 0.00016528 0.00024268 52444261.0 1512431999999 11763.3541256 113851 29160562.0 6534.98909345
1512432000000 0.0002421 0.00034 0.00019999 0.0003312 56518758.0 1512518399999 15413.53368666 147027 29076795.0 7949.91226971
1512518400000 0.0003312 0.00047352 0.00028 0.00031892 86537945.0 1512604799999 31559.86482725 277448 45523404.0 16661.74440214
1512604800000 0.0003187 0.000321 0.000201 0.00023639 56065370.0 1512691199999 14019.4416742 170945 27621182.0 6906.12018077
1512691200000 0.00023639 0.00031131 0.000221 0.00030405 32513279.0 1512777599999 8724.60969485 134985 17123898.0 4607.89056388
1512777600000 0.00030499 0.00032696 0.000292 0.00031001 23315076.0 1512863999999 7295.81842031 100966 12528934.0 3922.947311
1512864000000 0.00031001 0.00031489 0.00026 0.00027122 24957031.0 1512950399999 7217.79017506 85913 13144812.0 3808.14397496
1512950400000 0.00027128 0.00027968 0.00024135 0.00025294 23073518.0 1513036799999 5957.0315601 80391 12432935.0 3211.93994858
1513036800000 0.00025293 0.00029994 0.000245 0.000261 33884570.0 1513123199999 9098.33251451 129027 17608885.0 4723.66861317
1513123200000 0.00026217 0.0002695 0.00020797 0.00023868 30456001.0 1513209599999 7455.80592198 117500 15568302.0 3820.1432763
1513209600000 0.00023868 0.0002542 0.0002 0.0002245 29710541.0 1513295999999 6795.59503356 111284 15484059.0 3547.49168468
1513296000000 0.00022446 0.0002492 0.000177 0.00021599 23729392.0 1513382399999 4980.21591844 85603 12186431.0 2562.82908979
1513382400000 0.000216 0.00023459 0.0001782 0.00018565 17959841.0 1513468799999 3578.43411299 79144 8483841.0 1689.01569644
1513468800000 0.000186 0.00023 0.000172 0.00020422 31517425.0 1513555199999 6033.09153389 112065 15931914.0 3059.63292943
1513555200000 0.00020422 0.00023765 0.00019447 0.00022018 26133641.0 1513641599999 5602.23707866 105376 13360596.0 2867.28198293
1513641600000 0.00022018 0.00033743 0.00020597 0.00030761 48244345.0 1513727999999 13246.20846671 222030 25315563.0 6985.08186254
1513728000000 0.00030799 0.00032686 0.00026148 0.00029807 24547116.0 1513814399999 7331.21680158 143671 11912886.0 3557.46079178
1513814400000 0.00029874 0.000321 0.0002895 0.0003105 14661359.0 1513900799999 4475.80078316 95540 7379025.0 2254.85089174
1513900800000 0.00031058 0.000315 0.00021989 0.00026859 27679599.0 1513987199999 7497.88458871 142554 14128732.0 3831.70520794
1513987200000 0.00026859 0.00028888 0.00025501 0.00025542 11104318.0 1514073599999 3020.50255609 74497 5492986.0 1496.1297829
1514073600000 0.00025542 0.0002676 0.00024512 0.00025801 17196357.0 1514159999999 4443.66580178 61520 9657681.0 2497.8332046
1514160000000 0.00025803 0.00026999 0.00025 0.000253 16643260.0 1514246399999 4312.52666849 54100 10092055.0 2617.2464386
1514246400000 0.00025301 0.000258 0.000225 0.00024437 17088829.0 1514332799999 4077.94053895 56728 10023313.0 2394.07874438
1514332800000 0.00024437 0.000274 0.00024 0.0002421 21806846.0 1514419199999 5547.40364302 88026 12540292.0 3190.51169491
1514419200000 0.00024205 0.000265 0.000234 0.0002583 18226286.0 1514505599999 4547.80027965 68942 10690333.0 2666.64557095
1514505600000 0.00025956 0.00026452 0.000242 0.00025521 18214795.0 1514591999999 4616.11702178 72056 10409837.0 2639.09310302
1514592000000 0.00025521 0.0002845 0.00024543 0.00026598 22332285.0 1514678399999 5770.2544357 88680 12291425.0 3171.93857525
1514678400000 0.0002659 0.0002825 0.00025424 0.00025704 17719734.0 1514764799999 4699.79359454 65326 9839633.0 2610.74052901
1514764800000 0.00025703 0.00031996 0.00025703 0.0002975 26003803.0 1514851199999 7312.78755782 97811 14799806.0 4143.7292503
1514851200000 0.00029746 0.0003199 0.00024448 0.0002716 26138802.0 1514937599999 7618.24898104 120784 13999444.0 4092.91218443
1514937600000 0.0002716 0.0002848 0.00025357 0.0002731 20438474.0 1515023999999 5474.88872746 97910 11046496.0 2959.29116689
1515024000000 0.0002731 0.000312 0.000249 0.00026509 32937507.0 1515110399999 9040.49830501 154671 17500139.0 4817.35127884
1515110400000 0.00026504 0.000285 0.00021168 0.00021989 24671063.0 1515196799999 6098.29986501 103726 13306998.0 3279.39784001
1515196800000 0.00021986 0.00025611 0.0002157 0.0002309 18187124.0 1515283199999 4279.70435151 70781 10566283.0 2486.97644434
1515283200000 0.00023091 0.00029433 0.0002305 0.00025242 24001394.0 1515369599999 6085.39228525 99400 13415737.0 3396.73112352
1515369600000 0.00025242 0.0002658 0.000232 0.00025855 17901313.0 1515455999999 4592.36388942 72417 10131105.0 2601.71667636
1515456000000 0.00025897 0.0002605 0.00023869 0.0002446 16197036.0 1515542399999 4051.54718343 59981 9483801.0 2373.51454717
1515542400000 0.00024437 0.00026448 0.000235 0.00025636 14833980.0 1515628799999 3690.38658758 71171 8557777.0 2129.36393185
1515628800000 0.00025636 0.00026482 0.000243 0.00025421 15139483.0 1515715199999 3863.36742576 62906 8553859.0 2185.1232446
1515715200000 0.00025421 0.0002765 0.0002515 0.000272 7521500.0 1515801599999 1966.04139801 50803 4028692.0 1053.514074
1515801600000 0.00027204 0.000291 0.000265 0.00027715 10727649.0 1515887999999 3007.60121762 78200 5451299.0 1530.75233122
1515888000000 0.00027674 0.00028222 0.0002644 0.00027121 6369549.0 1515974399999 1731.27856766 43380 3471826.0 943.90275172
1515974400000 0.00027131 0.00027397 0.00024803 0.000256 5925029.0 1516060799999 1538.58437374 41086 2751074.0 715.41621014
1516060800000 0.00025647 0.000261 0.0002 0.0002328 10680110.0 1516147199999 2585.85090757 67972 4875000.0 1187.46410293
1516147200000 0.0002328 0.00025885 0.000211 0.00025138 10712625.0 1516233599999 2512.48372934 69584 5099251.0 1198.71105621
1516233600000 0.00025002 0.00025993 0.00024351 0.00024938 6839224.0 1516319999999 1731.72639668 52617 3334194.0 845.53094619
1516320000000 0.00024929 0.0002549 0.0002349 0.0002403 5815952.0 1516406399999 1426.04913282 40406 2546300.0 624.71896043
1516406400000 0.0002403 0.0002481 0.000232 0.0002373 6595565.0 1516492799999 1583.06776735 44496 3230649.0 776.56083011
1516492800000 0.0002373 0.0002415 0.00023021 0.0002413 4407822.0 1516579199999 1042.89961771 30479 2252301.0 533.68634102
1516579200000 0.00024129 0.00024405 0.00021828 0.00022604 7507181.0 1516665599999 1742.85165381 44418 3484173.0 811.39214185
1516665600000 0.00022892 0.00023518 0.00022222 0.000232 4447614.0 1516751999999 1021.12624821 30782 2298288.0 527.89993515
1516752000000 0.000232 0.00023278 0.0002125 0.0002158 5824518.0 1516838399999 1289.01145034 36402 2606878.0 577.59890692
1516838400000 0.00021573 0.00022396 0.00021 0.00021209 5285621.0 1516924799999 1141.19650496 32136 2742396.0 593.14830052
1516924800000 0.00021214 0.00021697 0.0002079 0.00021451 4072163.0 1517011199999 863.87087233 27803 1874532.0 397.59237841
1517011200000 0.0002145 0.0002228 0.00021199 0.00021487 3850853.0 1517097599999 834.3539914 26102 1743682.0 377.67579113
1517097600000 0.00021487 0.00021599 0.000209 0.0002136 3621716.0 1517183999999 768.64503303 22782 1256451.0 266.86228979
1517184000000 0.00021426 0.00022993 0.00021208 0.00022915 5872516.0 1517270399999 1295.84944878 46686 2745482.0 606.95098407
1517270400000 0.00022919 0.00023811 0.00021793 0.00021954 7123657.0 1517356799999 1624.07389444 57187 3488278.0 796.17171147
1517356800000 0.00021912 0.000229 0.00021871 0.0002255 3014679.0 1517443199999 675.54115801 25622 1607528.0 360.63208918
1517443200000 0.00022508 0.00023045 0.00020245 0.00021054 6573237.0 1517529599999 1404.30351094 44992 2547230.0 545.41600622
1517529600000 0.00021088 0.00021432 0.00017841 0.00020558 7176029.0 1517615999999 1425.24592586 48471 2777267.0 553.76765298
1517616000000 0.0002056 0.00022218 0.000199 0.00021847 5531457.0 1517702399999 1173.10113886 36175 2239594.0 475.07670845
1517702400000 0.00021847 0.00022497 0.00020512 0.00021233 5338531.0 1517788799999 1149.79493208 35870 2003119.0 431.21869311
1517788800000 0.00021204 0.00021358 0.00019621 0.00020756 5537336.0 1517875199999 1135.19760993 35059 2581775.0 530.5698462
1517875200000 0.00020753 0.00022 0.00018 0.00021048 7340824.0 1517961599999 1511.70618619 48664 3518890.0 727.09003598
1517961600000 0.00021048 0.000222 0.00020651 0.0002109 4273814.0 1518047999999 922.29061156 38447 2295219.0 496.53531416
1518048000000 0.00021097 0.00021276 0.00021004 0.00021276 80075.0 1518134399999 16.94176164 1186 52716.0 11.15863585
1518134400000 0.00021205 0.000228 0.00021151 0.0002233 3149517.0 1518220799999 699.25953452 25775 1954453.0 434.0841417
1518220800000 0.00022329 0.0002333 0.00021363 0.00021545 5320899.0 1518307199999 1186.92719112 42248 3103328.0 695.09769608
1518307200000 0.00021535 0.00021605 0.000204 0.00020919 3449263.0 1518393599999 723.97465376 31251 1652653.0 347.49362252
1518393600000 0.00020878 0.00021506 0.000208 0.0002096 2678565.0 1518479999999 564.62840966 22835 1527944.0 322.30748455
1518480000000 0.00020913 0.00021297 0.000203 0.00021232 2310807.0 1518566399999 480.35610232 20159 1271963.0 264.82444137
1518566400000 0.00021232 0.00021545 0.00020759 0.00021498 3616005.0 1518652799999 768.10556921 36302 2003615.0 425.97940923
1518652800000 0.00021495 0.00022 0.00020701 0.00021095 4004962.0 1518739199999 849.99691159 41319 1993367.0 423.3407646
1518739200000 0.00021065 0.00021151 0.00020455 0.00020767 2608848.0 1518825599999 542.96468003 24340 1293620.0 269.7580303
1518825600000 0.00020767 0.00020846 0.00019874 0.00019977 2308002.0 1518911999999 469.18120197 21766 1112667.0 226.488061
1518912000000 0.00019977 0.000201 0.000188 0.00018967 2504414.0 1518998399999 487.1769179 22467 1111061.0 216.53878314
1518998400000 0.00018937 0.000196 0.000186 0.00018699 2004856.0 1519084799999 382.56439178 20035 1029545.0 196.58868367
1519084800000 0.00018677 0.00018757 0.0001627 0.00016789 3882497.0 1519171199999 676.00322996 29711 1882511.0 327.63953998
1519171200000 0.00016789 0.0001748 0.0001633 0.00016588 3503035.0 1519257599999 589.03705809 29336 1627788.0 274.14657286
1519257600000 0.00016587 0.000171 0.00015679 0.00016336 4101376.0 1519343999999 670.74764043 32017 1854826.0 304.07926825
1519344000000 0.0001631 0.0001754 0.00016117 0.00017025 3319003.0 1519430399999 564.00697832 30968 1797620.0 305.06526703
1519430400000 0.0001706 0.00018465 0.00016532 0.00018341 4910658.0 1519516799999 864.97606561 36692 2476541.0 436.65184779
1519516800000 0.00018341 0.0002131 0.00018112 0.00018795 17696233.0 1519603199999 3482.46277667 98039 8738464.0 1718.7610352
1519603200000 0.00018789 0.00019202 0.00017847 0.00017937 4317981.0 1519689599999 796.26722471 29034 2198384.0 405.33563879
1519689600000 0.00017943 0.00019745 0.00017542 0.00018481 7286241.0 1519775999999 1356.33384228 45872 3420144.0 636.56416404
1519776000000 0.00018481 0.00018651 0.00017749 0.00017828 4112972.0 1519862399999 747.89155305 24847 1925979.0 350.37296232
1519862400000 0.0001783 0.000189 0.00017707 0.0001802 3591325.0 1519948799999 657.22505739 23197 1871047.0 342.57585535
1519948800000 0.00018018 0.0001822 0.00017 0.00017284 2578028.0 1520035199999 451.2934583 17544 1305191.0 228.15471451
1520035200000 0.00017284 0.00017334 0.00016 0.00016221 2186287.0 1520121599999 362.88778868 15394 1101623.0 183.14258942
1520121600000 0.0001622 0.00017219 0.00016 0.00016467 2142874.0 1520207999999 356.36900918 16193 1142519.0 190.11758459
1520208000000 0.00016467 0.0001659 0.00015822 0.00016387 2100915.0 1520294399999 340.48636999 14186 856993.0 139.00497767
1520294400000 0.00016387 0.00016931 0.0001545 0.00015861 6263221.0 1520380799999 1005.58667706 35608 2545791.0 407.00822773
1520380800000 0.00015862 0.0001608 0.00014 0.00015561 6151207.0 1520467199999 936.08227886 39248 2674032.0 408.29326473
1520467200000 0.00015556 0.0001568 0.0001468 0.00014789 2935083.0 1520553599999 442.40050559 18999 1338511.0 202.00855307
1520553600000 0.00014789 0.00015148 0.00014006 0.00015098 3805278.0 1520639999999 551.99284827 23860 1868044.0 271.56319686
1520640000000 0.00015098 0.00015667 0.00014542 0.00014786 2661090.0 1520726399999 404.03909926 17367 1323174.0 201.06588607
1520726400000 0.00014785 0.00015289 0.000145 0.000145 2071531.0 1520812799999 306.00807316 14305 847234.0 125.4090785
1520812800000 0.00014504 0.00014658 0.0001403 0.00014602 2568469.0 1520899199999 366.75293148 15193 1165598.0 166.63931553
1520899200000 0.00014602 0.0001463 0.000141 0.00014222 5090242.0 1520985599999 726.47770955 17508 2957092.0 422.22267564
1520985600000 0.0001422 0.00014749 0.00013506 0.0001357 10135484.0 1521071999999 1417.07130752 29493 5634355.0 788.52654564
1521072000000 0.00013571 0.000139 0.00013022 0.00013238 8657211.0 1521158399999 1159.97188559 24924 5124015.0 686.62205106
1521158400000 0.00013237 0.00014484 0.00012953 0.00013249 8599764.0 1521244799999 1143.22075241 21933 5281271.0 702.92566055
1521244800000 0.0001326 0.0001455 0.00013224 0.00014513 11052480.0 1521331199999 1522.00211618 32605 6569901.0 904.91128703
1521331200000 0.00014528 0.000168 0.00014069 0.00014937 29332897.0 1521417599999 4449.17635032 102771 16342022.0 2482.82698035
1521417600000 0.0001494 0.00015784 0.00014363 0.00015477 12214538.0 1521503999999 1829.53504526 38066 7170020.0 1073.09109564
1521504000000 0.00015438 0.00017 0.00015163 0.00016268 13354485.0 1521590399999 2157.0278634 45778 8002412.0 1292.12543006
1521590400000 0.00016297 0.000166 0.00015089 0.00015372 13811711.0 1521676799999 2167.96420072 44550 8410654.0 1320.05877573
1521676800000 0.00015372 0.00015578 0.000147 0.00015223 9446099.0 1521763199999 1434.59100991 25785 5391666.0 818.72998
1521763200000 0.00015224 0.0001559 0.00014696 0.0001512 8864051.0 1521849599999 1336.28281187 21113 5095601.0 768.50991322
1521849600000 0.00015128 0.000156 0.00015094 0.00015355 9149697.0 1521935999999 1409.13312113 24318 5668468.0 873.40213288
1521936000000 0.0001532 0.00015785 0.00015134 0.00015618 8339965.0 1522022399999 1287.64770922 21060 5278433.0 815.29360039
1522022400000 0.00015619 0.0001568 0.00014765 0.00015082 9183840.0 1522108799999 1400.69968217 20723 5701844.0 870.24840501
1522108800000 0.00015081 0.00015285 0.00014622 0.00014972 9116806.0 1522195199999 1359.97593481 20523 5370959.0 801.48661375
1522195200000 0.00014971 0.0001539 0.00014881 0.00014913 8681430.0 1522281599999 1316.56308945 19269 5194112.0 787.38414051
1522281600000 0.00014913 0.00015688 0.00014532 0.00015349 10627749.0 1522367999999 1586.00407177 29056 6530190.0 974.86675521
1522368000000 0.00015349 0.00016455 0.0001517 0.00016174 11741816.0 1522454399999 1855.61911436 37857 6984901.0 1104.0672874
1522454400000 0.00016153 0.000163 0.0001531 0.00015447 9509420.0 1522540799999 1502.46552339 24630 6163135.0 974.15111285
1522540800000 0.00015449 0.00015789 0.000144 0.00014627 10211857.0 1522627199999 1544.56959395 27230 5812300.0 881.38984907
1522627200000 0.00014605 0.000151 0.0001446 0.00014576 8897601.0 1522713599999 1307.09022586 22087 5513809.0 810.22648857
1522713600000 0.00014601 0.00015064 0.00014461 0.0001495 10757216.0 1522799999999 1579.40895894 26945 6806575.0 999.25527884
1522800000000 0.00014948 0.00014998 0.00014108 0.00014484 3009251.0 1522886399999 433.53785088 16802 1476000.0 212.68871686
1522886400000 0.00014484 0.00014588 0.00013669 0.00014419 3289334.0 1522972799999 468.12915886 17677 1629674.0 232.07931086
1522972800000 0.00014419 0.00014694 0.00014052 0.00014114 2124315.0 1523059199999 303.07608806 12463 1011030.0 144.25767466
1523059200000 0.0001411 0.00014542 0.00014013 0.00014245 2056568.0 1523145599999 292.76136916 11821 929264.0 132.36198471
1523145600000 0.00014252 0.00015806 0.00013 0.00014546 8937755.0 1523231999999 1296.73396182 25958 5253661.0 764.43011539
1523232000000 0.00014544 0.00014975 0.00014401 0.00014624 10139429.0 1523318399999 1487.595126 22913 6293724.0 923.33548632
1523318400000 0.00014638 0.0001487 0.00014466 0.00014749 9568223.0 1523404799999 1404.08312411 20101 6279394.0 921.1707677
1523404800000 0.00014765 0.00015465 0.00014631 0.00015458 10122492.0 1523491199999 1520.5105994 27547 6315823.0 948.66130014
1523491200000 0.00015457 0.00017848 0.00015146 0.0001699 16555885.0 1523577599999 2673.17419031 64274 9672734.0 1559.04317921
1523577600000 0.00016984 0.000184 0.00016264 0.00016645 17933139.0 1523663999999 3129.41761758 78084 10397459.0 1816.49004622
1523664000000 0.00016645 0.00018225 0.00016378 0.00018003 10824744.0 1523750399999 1853.6837801 33791 6555409.0 1120.95115026
1523750400000 0.00018002 0.00021 0.00017885 0.00020007 26252689.0 1523836799999 5119.54426508 110159 14037306.0 2738.10996482
1523836800000 0.00020007 0.00020337 0.00018953 0.00020072 13232277.0 1523923199999 2605.1010036 57052 7636936.0 1503.68324431
1523923200000 0.00020044 0.00020555 0.00018 0.00019628 12901634.0 1524009599999 2576.70423894 50865 7360670.0 1472.46213868
1524009600000 0.00019587 0.00020937 0.000195 0.00020822 11581694.0 1524095999999 2333.51751337 51237 6291483.0 1266.62739325
1524096000000 0.00020821 0.000215 0.000202 0.00021405 12196781.0 1524182399999 2537.91076541 54829 7014801.0 1459.94680121
1524182400000 0.00021403 0.00023496 0.000211 0.00022285 15683088.0 1524268799999 3507.1193028 88640 8844551.0 1976.47228398
1524268800000 0.00022281 0.0002245 0.00020538 0.00021479 11513336.0 1524355199999 2484.33718588 52660 6188727.0 1334.40800041
1524355200000 0.00021479 0.00023466 0.00021275 0.00022859 12391982.0 1524441599999 2822.16141127 60893 6732701.0 1533.05764988
1524441600000 0.00022817 0.00024538 0.00022659 0.00023736 12441199.0 1524527999999 2941.76001002 71931 6995773.0 1654.11070539
1524528000000 0.00023748 0.00024058 0.00022022 0.00022143 11507384.0 1524614399999 2685.72083261 62640 6215309.0 1451.09801501
1524614400000 0.00022142 0.000224 0.00019349 0.00020253 17236829.0 1524700799999 3565.75164401 88688 8093687.0 1676.43176961
1524700800000 0.00020251 0.0002216 0.00019818 0.00022003 10792662.0 1524787199999 2275.29147776 53087 5659874.0 1193.42401546
1524787200000 0.00021985 0.00022362 0.00020961 0.00021148 9469791.0 1524873599999 2056.54202401 50993 4723990.0 1026.25453846
1524873600000 0.0002115 0.00022247 0.00021031 0.00021684 8978375.0 1524959999999 1959.60081237 42897 5063221.0 1105.33034878
1524960000000 0.00021676 0.00022219 0.00020867 0.00021647 9789553.0 1525046399999 2121.34932953 54907 5010530.0 1086.3965526
1525046400000 0.00021647 0.00021785 0.00020884 0.00021141 8723054.0 1525132799999 1857.46817785 37414 4291490.0 914.153171
1525132800000 0.0002114 0.000218 0.00020182 0.00021609 9346854.0 1525219199999 1950.41713869 44688 4493288.0 939.08949586
1525219200000 0.0002173 0.00024962 0.00021408 0.00024161 23546485.0 1525305599999 5455.38303844 113623 12975195.0 3006.11357664
1525305600000 0.0002417 0.000285 0.0002358 0.00026507 40132606.0 1525391999999 10464.18380836 187918 21996326.0 5741.38708517
1525392000000 0.00026518 0.0002697 0.00024 0.000253 14364111.0 1525478399999 3629.51858986 81753 7152633.0 1805.83096197
1525478400000 0.00025333 0.00025333 0.0002299 0.00024131 10273143.0 1525564799999 2465.12101755 52621 5450809.0 1309.50061925
1525564800000 0.000241 0.000255 0.00023077 0.00023819 9516438.0 1525651199999 2303.33163848 49995 4877771.0 1181.06613331
1525651200000 0.00023825 0.0002449 0.000226 0.00024066 8114275.0 1525737599999 1903.58638988 44223 3744738.0 879.49902112
1525737600000 0.00024027 0.00028226 0.00023958 0.00026401 26062908.0 1525823999999 6813.59694406 121826 14186001.0 3716.69523909
1525824000000 0.00026427 0.00026479 0.00024279 0.00024432 5943840.0 1525910399999 1497.8989888 44376 3056882.0 770.76353465
1525910400000 0.00024432 0.000247 0.000236 0.0002362 3682461.0 1525996799999 891.38198895 26887 1721271.0 416.771377
1525996800000 0.00023619 0.00023797 0.000232 0.0002371 856310.0 1526083199999 200.76560679 6925 422368.0 99.11528265
