1506729600000 0.001 0.025 0.001 0.00200001 215408.0 1506815999999 469.22270608 607 27809.0 66.6956704
1506816000000 0.00212495 0.00217 0.00196 0.00196 122291.0 1506902399999 250.04116762 486 59065.0 122.29173806
1506902400000 0.00198251 0.0021 0.0019 0.001912 164722.0 1506988799999 324.51909837 639 40504.0 81.50618085
1506988800000 0.00192101 0.00202491 0.0015 0.0019 144458.0 1507075199999 264.72523645 561 63436.0 118.88915467
1507075200000 0.00190001 0.00199925 0.00176201 0.00188 110746.0 1507161599999 208.28392393 792 27815.0 52.54744483
1507161600000 0.00189999 0.00196998 0.00179013 0.00184 67121.0 1507247999999 126.09871385 467 24253.0 46.07105219
1507248000000 0.00184 0.0019 0.00161004 0.00165408 120061.0 1507334399999 218.66302481 849 48319.0 90.12814874
1507334400000 0.00165407 0.00175 0.00161013 0.00175 118698.0 1507420799999 196.81347882 864 36858.0 61.50534264
1507420800000 0.00171109 0.00175 0.00161231 0.00161407 85998.0 1507507199999 144.07313987 368 18434.0 30.98770402
1507507200000 0.00161425 0.00188294 0.001531 0.00167842 127498.0 1507593599999 205.52617506 508 41581.0 68.76314046
1507593600000 0.00164 0.00169999 0.0015 0.00161079 111703.0 1507679999999 177.35764759 424 36711.0 59.12814421
1507680000000 0.00161079 0.00164993 0.00155061 0.00161001 87735.0 1507766399999 139.69771016 316 34160.0 54.75812232
1507766400000 0.001642 0.00164476 0.00133 0.0013603 105740.0 1507852799999 156.48103286 639 26230.0 38.41256436
1507852800000 0.0013999 0.00153 0.0012 0.00134585 182731.0 1507939199999 244.09517789 924 81917.0 113.02842699
1507939200000 0.00134317 0.00143995 0.00129967 0.00135277 94849.0 1508025599999 129.00234982 326 41059.0 56.53799988
1508025600000 0.00135277 0.00139 0.00129 0.00133999 102095.0 1508111999999 135.2056359 380 37624.0 50.16142775
1508112000000 0.00133001 0.00142899 0.00125 0.0014 169335.0 1508198399999 226.33826893 540 42962.0 58.23060174
1508198400000 0.0014 0.0016362 0.00135697 0.0015 191857.0 1508284799999 283.15935105 446 79249.0 116.58343803
1508284800000 0.00151999 0.00165713 0.00145504 0.00151214 243960.0 1508371199999 374.09680509 493 86201.0 132.17315567
1508371200000 0.00151214 0.00154942 0.00139 0.00142075 270550.0 1508457599999 394.64477576 776 50744.0 74.71307768
1508457600000 0.00142075 0.00142907 0.00128 0.001329 233156.0 1508543999999 315.08826591 716 42601.0 58.85379497
1508544000000 0.00134958 0.00140999 0.00123204 0.0014 289891.0 1508630399999 383.54783871 652 79754.0 108.19676648
1508630400000 0.0014 0.00154 0.00135 0.001458 236122.0 1508716799999 339.59556708 437 82112.0 120.17193392
1508716800000 0.001458 0.00158555 0.0014 0.00158555 216747.0 1508803199999 325.99987946 431 96784.0 148.42478181
1508803200000 0.0015749 0.00177999 0.00141218 0.001615 196878.0 1508889599999 313.70055796 562 94904.0 152.54094237
1508889600000 0.00164999 0.00164999 0.00152985 0.00163 296783.0 1508975999999 464.42911939 696 181133.0 283.7592288
1508976000000 0.00162999 0.0016499 0.00148 0.00153999 148484.0 1509062399999 227.42256699 288 35818.0 55.84270405
1509062400000 0.00150002 0.00154991 0.00141 0.00147769 88538.0 1509148799999 130.6232372 227 35973.0 53.53279661
1509148800000 0.00147768 0.00149997 0.00143574 0.00143924 69347.0 1509235199999 100.32649316 176 14069.0 20.71240523
1509235200000 0.00143925 0.00147801 0.00139001 0.00146 116660.0 1509321599999 165.72391876 257 30560.0 43.35049405
1509321600000 0.00146 0.00148983 0.00126003 0.00131304 243552.0 1509407999999 324.67616618 480 88557.0 118.27487807
1509408000000 0.00133 0.0013833 0.00126369 0.00126402 220226.0 1509494399999 286.39266939 455 47483.0 62.4843268
1509494400000 0.00129896 0.00129987 0.00120637 0.001217 161387.0 1509580799999 201.57773499 450 27462.0 34.27440073
1509580800000 0.001261 0.00134 0.00115 0.00126057 280733.0 1509667199999 342.09674956 535 89968.0 112.4967013
1509667200000 0.00127006 0.00131662 0.0012 0.00129701 198790.0 1509753599999 249.43604203 419 43408.0 54.49752266
1509753600000 0.00129532 0.00136 0.001219 0.00127 159340.0 1509839999999 206.35641509 430 56047.0 73.43997474
1509840000000 0.00127 0.0012877 0.00115001 0.00118171 311156.0 1509926399999 372.70164543 559 47039.0 56.68260486
1509926400000 0.00118188 0.00131 0.00116002 0.00127 204149.0 1510012799999 250.37104969 408 84050.0 103.93394947
1510012800000 0.00126 0.00134999 0.0012301 0.00132102 333026.0 1510099199999 432.87854022 458 124954.0 163.11018856
1510099200000 0.00134887 0.00163 0.00130803 0.0016 465585.0 1510185599999 692.07877681 922 288166.0 424.54030311
1510185600000 0.0016 0.00188888 0.00151047 0.00170066 587284.0 1510271999999 1021.62434402 1249 310964.0 543.53447686
1510272000000 0.00168118 0.0018696 0.00158201 0.00170508 562118.0 1510358399999 948.51063624 900 227378.0 389.05052826
1510358400000 0.00170596 0.002099 0.00169 0.002099 602724.0 1510444799999 1107.62873077 1098 286315.0 534.96347623
1510444800000 0.00208999 0.00225 0.00171 0.00205099 2133613.0 1510531199999 4258.28443078 4805 962161.0 1940.4090589
1510531200000 0.00205299 0.00248 0.001862 0.00191 1174591.0 1510617599999 2399.35154035 1814 454285.0 949.1387346
1510617600000 0.00191002 0.00193764 0.001701 0.00183 979059.0 1510703999999 1781.92893616 1695 294185.0 537.92829658
1510704000000 0.00183999 0.0027 0.00183001 0.00245 1535468.0 1510790399999 3275.88553156 2922 882485.0 1904.37114309
1510790400000 0.00245 0.00273658 0.00215003 0.00251999 1695818.0 1510876799999 4153.21238275 3924 692172.0 1714.13100961
1510876800000 0.0025 0.002685 0.00223 0.00238007 1180187.0 1510963199999 2896.93706926 2534 496072.0 1234.11295059
1510963200000 0.00238009 0.00250499 0.00229999 0.00234401 915125.0 1511049599999 2184.08739101 2069 322959.0 776.51372541
1511049600000 0.00234401 0.002629 0.0021649 0.00249801 1290339.0 1511135999999 3107.10086785 2497 640896.0 1545.02427259
1511136000000 0.002498 0.0028 0.00243 0.00265013 1841840.0 1511222399999 4866.23965407 4203 797514.0 2110.04950156
1511222400000 0.00266331 0.0027458 0.00227777 0.00250008 2226661.0 1511308799999 5564.02672951 4705 794441.0 2000.97762513
1511308800000 0.00250008 0.00263711 0.00233654 0.00236177 1785432.0 1511395199999 4455.25758026 3652 580684.0 1458.67310329
1511395200000 0.00236177 0.00248417 0.0019 0.00195 1860140.0 1511481599999 4064.70569078 3667 663132.0 1456.54498562
1511481600000 0.00195 0.00201 0.0016 0.00168372 2682352.0 1511567999999 4783.57914941 5872 915813.0 1639.6718716
1511568000000 0.00168373 0.00182 0.00156115 0.001742 1559907.0 1511654399999 2652.37960427 3869 727556.0 1236.37177361
1511654400000 0.00174 0.00181 0.00167 0.00179832 1094381.0 1511740799999 1911.91670764 2418 461620.0 813.26294526
1511740800000 0.00179832 0.00234968 0.00163688 0.0021771 3037925.0 1511827199999 6128.744131 6905 1374146.0 2790.53326971
1511827200000 0.0021772 0.00359998 0.00215492 0.0033 8524715.0 1511913599999 22802.06540064 17053 4216263.0 11234.61979649
1511913600000 0.00337001 0.0035 0.00264435 0.003 6105322.0 1511999999999 18621.67573239 15527 2823438.0 8586.60155646
1512000000000 0.003 0.00312 0.0028125 0.00297621 2735705.0 1512086399999 8132.95279088 9347 1192468.0 3546.3236542
1512086400000 0.00297616 0.00321781 0.00292001 0.00311886 3399868.0 1512172799999 10353.3609996 9106 1191678.0 3632.51843641
1512172800000 0.00312088 0.00318 0.0029 0.003125 2005986.0 1512259199999 6133.67182512 6400 799843.0 2454.00542068
1512259200000 0.00312 0.00419899 0.00305003 0.00404576 4855673.0 1512345599999 17902.65866313 18695 1948736.0 7172.96776415
1512345600000 0.00404576 0.0066 0.00402002 0.006055 10548740.0 1512431999999 58053.58208539 44953 5078975.0 27878.49083749
1512432000000 0.00604003 0.00878796 0.0050002 0.00858997 11093886.0 1512518399999 76373.62917412 53280 5432179.0 37589.89693335
1512518400000 0.0085601 0.01336116 0.0081799 0.0104752 14579793.0 1512604799999 153162.81674033 105520 6675070.0 69929.33186519
1512604800000 0.0104752 0.0106 0.00741 0.00961063 8488484.0 1512691199999 76329.28435027 61868 3788468.0 34099.10073017
1512691200000 0.00963 0.011 0.0088 0.01090008 8403613.0 1512777599999 81013.36756623 52269 3596833.0 34824.96337564
1512777600000 0.01097896 0.011694 0.00901 0.00988797 4012330.0 1512863999999 40768.33638826 37282 1754610.0 17869.02032593
1512864000000 0.00988797 0.00991784 0.00860079 0.00945 2884212.0 1512950399999 27051.42163887 26539 1352794.0 12759.53002094
1512950400000 0.00945 0.0099 0.0081 0.00829972 2565988.0 1513036799999 23397.83914361 25188 1147111.0 10578.00537516
1513036800000 0.00822105 0.0096783 0.0067487 0.00685016 4909854.0 1513123199999 38652.12302051 36651 2316801.0 18326.36609009
1513123200000 0.00686 0.00715004 0.00496001 0.00555702 5576646.0 1513209599999 33292.13435271 37731 3007613.0 17746.54342927
1513209600000 0.00559983 0.00578394 0.0041 0.00540968 5290915.0 1513295999999 28189.68839268 34359 2348789.0 12577.94518868
1513296000000 0.0054001 0.00655 0.0051 0.00559984 3253840.0 1513382399999 18098.82106646 26897 1531634.0 8566.32184665
1513382400000 0.00559986 0.00585593 0.005031 0.00518766 3595370.0 1513468799999 19296.76964949 26074 1393691.0 7539.59413723
1513468800000 0.00518773 0.006 0.00466666 0.00547201 4349581.0 1513555199999 22505.17103922 36759 2009670.0 10481.47073369
1513555200000 0.00546 0.00590396 0.0052 0.0053 3719160.0 1513641599999 20461.88104764 33547 1660367.0 9128.51918042
1513641600000 0.0053 0.00738477 0.0046 0.00665 7557670.0 1513727999999 45512.32765998 72135 3619804.0 21958.21043911
1513728000000 0.00665999 0.007 0.00561435 0.00619002 4716325.0 1513814399999 30033.88595312 51353 2091822.0 13367.38622741
1513814400000 0.00619003 0.006391 0.00590001 0.006131 3415641.0 1513900799999 20989.9101751 37194 1560068.0 9608.92458265
1513900800000 0.00613999 0.00648398 0.00425407 0.00564996 7770948.0 1513987199999 43616.6182255 67494 3527853.0 19935.96170968
1513987200000 0.00564996 0.0059094 0.0053 0.00530006 3486194.0 1514073599999 19638.53152945 33758 1675376.0 9468.62191241
1514073600000 0.0053008 0.00555001 0.0050981 0.00527019 2613458.0 1514159999999 13931.83376633 26706 1160363.0 6198.42499652
1514160000000 0.00529997 0.00529998 0.00481 0.004851 2102408.0 1514246399999 10508.15105365 19671 779346.0 3909.155903
1514246400000 0.004851 0.00519494 0.00468 0.00510388 2101510.0 1514332799999 10286.88873962 20592 988758.0 4846.55902949
1514332800000 0.00510387 0.00572499 0.00501209 0.00508982 3097032.0 1514419199999 16482.71755664 34021 1522455.0 8125.07905432
1514419200000 0.00506043 0.00524997 0.0044635 0.005194 2947701.0 1514505599999 14831.35608986 27762 1391033.0 7040.12134673
1514505600000 0.005194 0.00520994 0.00484 0.0050122 2639647.0 1514591999999 13193.68801593 28916 1262302.0 6320.59465624
1514592000000 0.00501219 0.00527 0.0044 0.00482907 3871289.0 1514678399999 18647.46753343 36178 1526113.0 7382.72176008
1514678400000 0.00482906 0.00521 0.00475202 0.00477204 2824511.0 1514764799999 13911.59703803 24948 1330552.0 6578.46151757
1514764800000 0.00481457 0.0056981 0.00461108 0.0052755 4025549.0 1514851199999 20447.57770553 32835 2056464.0 10458.27378155
1514851200000 0.0052755 0.00546 0.00452 0.00466999 4083026.0 1514937599999 19619.36311 39170 1774647.0 8523.88820001
1514937600000 0.00466 0.00481999 0.00413901 0.00436861 4147524.0 1515023999999 18731.79962068 39818 1909219.0 8649.86214925
1515024000000 0.004355 0.0048 0.003687 0.0042678 6570927.0 1515110399999 27696.55725011 55612 3137840.0 13248.44006261
1515110400000 0.00426766 0.00428973 0.0037804 0.00388698 4939749.0 1515196799999 19623.30488923 42378 2209828.0 8794.8736889
1515196800000 0.00388697 0.00419049 0.0038 0.0039389 3551631.0 1515283199999 14053.52680879 31552 1569857.0 6219.00337474
1515283200000 0.0039389 0.0043 0.0036102 0.00364 4354828.0 1515369599999 16804.44326915 36815 1966561.0 7629.80243466
1515369600000 0.00367159 0.00378 0.00321101 0.00340998 3598365.0 1515455999999 12336.68918074 31173 1667861.0 5717.41597842
1515456000000 0.00340998 0.00340998 0.00260007 0.00271501 3484956.0 1515542399999 10555.57844615 28547 1545888.0 4644.76453847
1515542400000 0.00272999 0.00313018 0.00243 0.00306968 4462006.0 1515628799999 12101.49921752 34305 2216509.0 6020.6535417
1515628800000 0.003051 0.00306 0.00271 0.00295669 3693988.0 1515715199999 10608.73669336 30030 1703511.0 4897.76931378
1515715200000 0.00295672 0.00305 0.00271028 0.0029769 2609039.0 1515801599999 7602.11415767 22927 1221353.0 3569.93421249
1515801600000 0.002978 0.0031 0.00281904 0.00283786 4223831.0 1515887999999 12533.88406604 33041 2171483.0 6445.95142383
1515888000000 0.00283761 0.0029 0.002701 0.00271006 2366489.0 1515974399999 6575.32298908 20973 972016.0 2706.47638529
1515974400000 0.00271021 0.00283 0.00265939 0.002728 2549160.0 1516060799999 6963.05381013 22472 1177311.0 3216.82719772
1516060800000 0.00272079 0.0028 0.00228662 0.00259993 5274524.0 1516147199999 13963.9344172 42267 2290890.0 6062.69572769
1516147200000 0.00253631 0.0031 0.00240594 0.0027575 5298248.0 1516233599999 13993.70992361 38737 2609827.0 6908.00240348
1516233600000 0.00275776 0.00287 0.00272 0.00274589 3247457.0 1516319999999 9111.94650559 27846 1383840.0 3887.60858732
1516320000000 0.00274589 0.00282006 0.0025 0.00267001 2727537.0 1516406399999 7325.97738697 22070 1298567.0 3509.22062708
1516406400000 0.00266967 0.002798 0.00257226 0.00263811 2706728.0 1516492799999 7254.45770902 22457 1281818.0 3437.58929376
1516492800000 0.00263811 0.00270472 0.002535 0.00264668 1880870.0 1516579199999 4907.1083129 16038 868411.0 2270.45354035
1516579200000 0.0026566 0.00267 0.00238828 0.002481 2671188.0 1516665599999 6738.85888535 22659 1080576.0 2732.54857686
1516665600000 0.00248948 0.00265989 0.00244181 0.00255164 1987811.0 1516751999999 5009.13854464 16137 831933.0 2101.38367435
1516752000000 0.002553 0.00256843 0.00230018 0.002313 2283376.0 1516838399999 5530.57544249 17734 876067.0 2123.62700811
1516838400000 0.00231076 0.00236439 0.0022 0.002247 1966064.0 1516924799999 4501.83764547 14640 837429.0 1918.5681713
1516924800000 0.00224699 0.00228428 0.002 0.002257 1727380.0 1517011199999 3849.11145779 13331 732694.0 1639.3465937
1517011200000 0.00225769 0.00234934 0.00220099 0.002207 1597841.0 1517097599999 3608.2846464 11227 762680.0 1722.66111241
1517097600000 0.002211 0.00223999 0.002 0.00203604 1519245.0 1517183999999 3162.97760734 11291 694748.0 1446.90464813
1517184000000 0.00203604 0.00222 0.002 0.0021957 2462911.0 1517270399999 5169.20500424 18664 1149186.0 2411.69637495
1517270400000 0.00219019 0.00227999 0.00205529 0.00207001 3349522.0 1517356799999 7206.75812925 25750 1483569.0 3198.56988839
1517356800000 0.00207346 0.00214831 0.00200596 0.00205509 1762963.0 1517443199999 3646.96928409 13995 752009.0 1556.74887418
1517443200000 0.00205509 0.002073 0.0015 0.0018557 4009626.0 1517529599999 7397.8179416 26211 1794090.0 3318.55311542
1517529600000 0.00186 0.00204797 0.00165 0.00198325 4142168.0 1517615999999 7729.87289087 28490 1958981.0 3662.89677564
1517616000000 0.00198325 0.002095 0.0019 0.0020719 2280727.0 1517702399999 4568.37716298 17948 1197557.0 2398.38811272
1517702400000 0.00207218 0.00220354 0.00202022 0.00210685 2363572.0 1517788799999 4945.48964314 18942 1144541.0 2397.3726553
1517788800000 0.00210212 0.00215437 0.0019403 0.00204881 2821747.0 1517875199999 5775.75425138 20436 1221137.0 2505.99851483
1517875200000 0.00205769 0.00218 0.002005 0.00206797 3062826.0 1517961599999 6389.33232171 25552 1412679.0 2950.24168346
1517961600000 0.00206797 0.00223999 0.00203479 0.00212548 2236123.0 1518047999999 4800.55855387 20124 1061147.0 2282.33349566
1518048000000 0.00212529 0.002136 0.00210389 0.0021164 19392.0 1518134399999 41.10162771 214 9059.0 19.24453111
1518134400000 0.00211854 0.00226 0.00207001 0.00221 1291976.0 1518220799999 2843.60173415 10670 565424.0 1246.32538826
1518220800000 0.002219 0.00232038 0.002145 0.00216 1991588.0 1518307199999 4412.72595931 18257 835951.0 1855.7384844
1518307200000 0.00216 0.00216999 0.00203574 0.00207485 1414577.0 1518393599999 2969.66283493 13160 596181.0 1254.81972663
1518393600000 0.00207489 0.00218 0.0020748 0.00215348 1112619.0 1518479999999 2368.92542382 11681 560696.0 1194.40557956
1518480000000 0.0021475 0.00216 0.00209023 0.00215695 957401.0 1518566399999 2033.5089112 9811 397356.0 845.94644374
1518566400000 0.00214859 0.00222154 0.002111 0.00220919 1578282.0 1518652799999 3441.14180593 15232 723106.0 1579.36212758
1518652800000 0.00220919 0.00231 0.0021816 0.00229129 1704052.0 1518739199999 3820.73875708 19309 793728.0 1780.74874478
1518739200000 0.00228313 0.0023108 0.00217711 0.00225578 1058060.0 1518825599999 2367.76881521 13177 421168.0 945.23101109
1518825600000 0.00224891 0.00228972 0.00222 0.00226176 1025477.0 1518911999999 2315.16866187 11545 450022.0 1017.56381213
1518912000000 0.00227418 0.002295 0.00214999 0.00215874 1063921.0 1518998399999 2360.82530433 11270 413919.0 919.6186648
1518998400000 0.00215883 0.00225029 0.00213146 0.00222219 857326.0 1519084799999 1898.20987056 10439 428747.0 950.72417627
1519084800000 0.00222219 0.0022344 0.00205 0.0021369 1670550.0 1519171199999 3587.86807321 13959 738469.0 1593.25540917
1519171200000 0.00213685 0.00216999 0.00202755 0.0020688 1419324.0 1519257599999 2977.58958619 14389 593152.0 1246.45507043
1519257600000 0.00206776 0.002147 0.00194 0.00199665 1762498.0 1519343999999 3585.49718243 17486 613040.0 1252.77877398
1519344000000 0.00199944 0.002074 0.0019261 0.00202627 1278460.0 1519430399999 2576.17331102 12910 581619.0 1174.90239877
1519430400000 0.00202626 0.0021487 0.0019 0.00212913 1581973.0 1519516799999 3258.04214474 14298 682260.0 1411.3906209
1519516800000 0.00212913 0.002451 0.0021 0.0021405 4591760.0 1519603199999 10372.68364174 34599 2301147.0 5203.34903927
1519603200000 0.00214093 0.00218149 0.00204016 0.00213397 1326827.0 1519689599999 2812.9367744 11579 626655.0 1329.50532076
1519689600000 0.00213397 0.00239 0.00208003 0.00224625 2043884.0 1519775999999 4576.4950935 17805 1097250.0 2454.21663186
1519776000000 0.00224537 0.00229497 0.00215 0.00216294 1185985.0 1519862399999 2629.10223937 10484 579912.0 1288.50555152
1519862400000 0.00216294 0.00231918 0.00214369 0.00226 1157961.0 1519948799999 2607.97621795 10136 499902.0 1126.82475324
1519948800000 0.00226 0.00230428 0.00216188 0.00223167 930309.0 1520035199999 2069.94637464 8161 434774.0 970.10832294
1520035200000 0.00223167 0.00226 0.00215 0.0021733 814037.0 1520121599999 1783.26027637 6749 275083.0 603.89936667
1520121600000 0.0021697 0.002248 0.00212667 0.00218043 674273.0 1520207999999 1480.54968399 6281 290355.0 638.16199346
1520208000000 0.00218782 0.00222018 0.00215021 0.00220979 798063.0 1520294399999 1734.63786944 6327 441001.0 959.69062849
1520294400000 0.00221857 0.00225 0.00203456 0.00208255 1941903.0 1520380799999 4151.76586795 14630 902774.0 1949.06401887
1520380800000 0.00208255 0.00217773 0.00188121 0.00206375 2197150.0 1520467199999 4471.63320225 17303 848318.0 1734.32993841
1520467200000 0.00206371 0.00211 0.0019491 0.00196783 1126777.0 1520553599999 2241.53428291 9637 471170.0 941.12147217
1520553600000 0.00196783 0.00197744 0.00182234 0.00193267 1420222.0 1520639999999 2684.38195914 12106 580358.0 1096.73454253
1520640000000 0.00193297 0.002 0.00186 0.00191022 824810.0 1520726399999 1597.63843402 7248 333632.0 649.30052471
1520726400000 0.00190409 0.002 0.0018524 0.001922 731199.0 1520812799999 1397.74115796 6631 320481.0 615.09702514
1520812800000 0.001922 0.00193999 0.001857 0.00191076 739461.0 1520899199999 1395.57369859 6519 305193.0 576.89086146
1520899200000 0.00191074 0.0019293 0.00186 0.0018872 743036.0 1520985599999 1400.33087584 6473 307737.0 581.31537457
1520985600000 0.0018872 0.0019432 0.00180988 0.00182214 1731371.0 1521071999999 3195.0356823 11693 798626.0 1473.43386597
1521072000000 0.00182001 0.001875 0.001761 0.00178701 1709301.0 1521158399999 3090.02478973 11091 632602.0 1147.26472702
1521158400000 0.00179303 0.00186771 0.001756 0.0018314 1047895.0 1521244799999 1901.10616954 8334 547056.0 991.66797695
1521244800000 0.0018314 0.00207844 0.00181984 0.002078 1779365.0 1521331199999 3404.39178741 11630 930892.0 1786.89458836
1521331200000 0.002078 0.00250632 0.00202213 0.0022765 5994763.0 1521417599999 13825.34885167 42099 3101820.0 7142.0345428
1521417600000 0.00227458 0.002445 0.002162 0.00239002 2297678.0 1521503999999 5305.77615764 18264 1125041.0 2603.93708204
1521504000000 0.00239002 0.0027011 0.00235001 0.0025929 2389234.0 1521590399999 6166.80127732 20258 1204477.0 3106.63940618
1521590400000 0.002598 0.00264 0.002391 0.00244747 2240388.0 1521676799999 5534.3097946 18188 917343.0 2268.19217102
1521676800000 0.00244745 0.00249842 0.00239443 0.00245742 1192984.0 1521763199999 2911.1612842 9304 525748.0 1285.85203453
1521763200000 0.002462 0.00248999 0.0024 0.0024759 853734.0 1521849599999 2094.49915623 7436 427445.0 1050.55117496
1521849600000 0.00247778 0.0027011 0.00247778 0.00251999 999028.0 1521935999999 2547.49968965 9365 530201.0 1355.72836515
1521936000000 0.00251101 0.0025917 0.00247684 0.0025196 683958.0 1522022399999 1725.64577422 6392 270242.0 682.59763986
1522022400000 0.00251975 0.00257155 0.0024625 0.00252167 816365.0 1522108799999 2049.8314864 6522 374772.0 943.51505718
1522108800000 0.00252195 0.00265 0.00249892 0.00260501 928922.0 1522195199999 2391.32115125 8989 433759.0 1117.31783395
1522195200000 0.002605 0.00270233 0.0025936 0.00265108 717707.0 1522281599999 1913.18705384 6790 381068.0 1016.69834277
1522281600000 0.00265424 0.00286878 0.00261733 0.00283893 1434973.0 1522367999999 3908.19538352 12406 750151.0 2046.54522448
1522368000000 0.00283893 0.002948 0.00274998 0.00281389 1414417.0 1522454399999 4005.51396969 12353 644079.0 1826.15880944
1522454400000 0.00281389 0.0028331 0.00269209 0.00271556 959391.0 1522540799999 2645.71851259 7977 373435.0 1030.40518893
1522540800000 0.00272506 0.00280856 0.00247533 0.002635 1266525.0 1522627199999 3409.17738739 12352 484629.0 1311.32745241
1522627200000 0.002635 0.00274003 0.0026177 0.002675 1011528.0 1522713599999 2693.96908207 8855 527716.0 1404.52032035
1522713600000 0.0026758 0.00273 0.00262611 0.00266886 1033239.0 1522799999999 2766.72225785 10590 405427.0 1087.99568824
1522800000000 0.00266263 0.0026882 0.002555 0.00260013 1014897.0 1522886399999 2655.07705405 8863 418086.0 1095.97468397
1522886400000 0.00260031 0.0026128 0.0024701 0.00255445 997788.0 1522972799999 2536.11124111 9231 321459.0 818.44850632
1522972800000 0.0025575 0.00264999 0.00251 0.00252995 870768.0 1523059199999 2230.66361814 7008 328294.0 843.9685245
1523059200000 0.00252921 0.00262599 0.00251001 0.00255277 540112.0 1523145599999 1380.06173338 5556 254647.0 651.6181228
1523145600000 0.00255277 0.00265 0.0025 0.00254447 882265.0 1523231999999 2268.58254121 8085 427803.0 1101.72353485
1523232000000 0.00254992 0.00259524 0.00244517 0.00248723 870202.0 1523318399999 2179.01987642 6744 308259.0 771.93055026
1523318400000 0.00249219 0.00251 0.0024201 0.0024312 604328.0 1523404799999 1493.56875125 5173 233141.0 577.97725774
1523404800000 0.0024312 0.00253202 0.0024056 0.00249162 834894.0 1523491199999 2065.25403128 6033 284655.0 703.88191586
1523491200000 0.0025 0.002887 0.00245002 0.00272599 2437151.0 1523577599999 6497.53915945 18004 1288880.0 3436.61729597
1523577600000 0.00272 0.00288689 0.002068 0.00265966 2983632.0 1523663999999 8135.49900194 25080 1218831.0 3373.47179123
1523664000000 0.00265624 0.002895 0.0025801 0.00287473 1002988.0 1523750399999 2746.37706808 9256 549550.0 1510.55874306
1523750400000 0.00286499 0.0032999 0.0028398 0.00314096 3745574.0 1523836799999 11579.75488461 31590 1762016.0 5440.16297884
1523836800000 0.00313905 0.00321363 0.003015 0.00316073 1651715.0 1523923199999 5139.23581547 15344 801548.0 2497.22615576
1523923200000 0.00316073 0.0034 0.003 0.00307245 1563236.0 1524009599999 4924.41245819 14929 732653.0 2316.35590624
1524009600000 0.00308042 0.00327356 0.00307301 0.00323464 1043341.0 1524095999999 3297.69006017 10545 525885.0 1664.91233048
1524096000000 0.003235 0.003235 0.00308894 0.00311203 1100230.0 1524182399999 3462.88086679 10273 455837.0 1434.34981383
1524182400000 0.00312463 0.0033819 0.00305432 0.0032092 1884133.0 1524268799999 6106.81371561 18295 866858.0 2804.57425142
1524268800000 0.00320202 0.0032435 0.003075 0.00316656 1174988.0 1524355199999 3700.54420602 12723 530246.0 1669.91322134
1524355200000 0.00316355 0.003379 0.00315001 0.0032372 1485049.0 1524441599999 4845.32439829 13745 660453.0 2153.92162177
1524441600000 0.00323685 0.00343136 0.00318549 0.0033009 1463561.0 1524527999999 4834.16691614 14031 630658.0 2082.12575781
1524528000000 0.00329551 0.0033009 0.0030303 0.0030303 1658111.0 1524614399999 5221.77337376 14412 734107.0 2316.58306326
1524614400000 0.00303967 0.00308949 0.0028301 0.00291 2843881.0 1524700799999 8415.51751828 25798 1256869.0 3723.91104479
1524700800000 0.00291663 0.0031 0.00285 0.00309419 1241308.0 1524787199999 3686.61142688 12447 589641.0 1755.25410235
1524787200000 0.0030824 0.003139 0.0029 0.00293391 1346513.0 1524873599999 4055.18153262 12199 580992.0 1752.0732
1524873600000 0.00293392 0.00305308 0.00290501 0.00296816 910032.0 1524959999999 2713.11165764 8853 452485.0 1351.03526888
1524960000000 0.00296816 0.00303551 0.0028614 0.00295408 1446510.0 1525046399999 4289.24631311 11825 639022.0 1897.65355121
1525046400000 0.00294964 0.002967 0.00283 0.00291708 1021684.0 1525132799999 2960.00418479 9575 429470.0 1245.30911829
1525132800000 0.00292022 0.00294009 0.0027889 0.00292394 1266418.0 1525219199999 3614.92902383 10155 617247.0 1765.6226801
1525219200000 0.00292417 0.003363 0.00287929 0.00324994 3612388.0 1525305599999 11239.14779186 26340 1665954.0 5198.86970966
1525305600000 0.00324271 0.0036 0.0030245 0.00331973 6548245.0 1525391999999 21815.76811507 43113 3271274.0 10900.28101299
1525392000000 0.00331972 0.00336 0.0029279 0.00312509 2788739.0 1525478399999 8674.90032463 20440 1382075.0 4293.09493924
1525478400000 0.0031234 0.00314068 0.00278431 0.00290712 1417777.0 1525564799999 4122.71296973 11405 616147.0 1791.53578906
1525564800000 0.00289757 0.00307 0.00286252 0.0029073 1205855.0 1525651199999 3553.70612485 10868 563062.0 1660.94334519
1525651200000 0.00290005 0.00304748 0.0028001 0.00299214 1319625.0 1525737599999 3888.55023893 12173 622995.0 1839.08686501
1525737600000 0.00299 0.00365 0.002965 0.0032408 4586304.0 1525823999999 15009.79893393 30968 2612915.0 8576.72908049
1525824000000 0.0032408 0.00324629 0.0030124 0.00302663 1665467.0 1525910399999 5219.0718602 13526 792970.0 2487.41787552
1525910400000 0.0030289 0.0030776 0.0029 0.00294875 1088262.0 1525996799999 3238.70570429 8414 464271.0 1385.24653835
1525996800000 0.00294875 0.00294929 0.0028367 0.00288501 241473.0 1526083199999 696.27548497 2210 99816.0 288.33714461
