1513123200000 0.45 5.0 0.4127 0.42 16239.224 1513209599999 7309.36959255 8071 7546.946 3399.57770686
1513209600000 0.42 0.43 0.37502 0.40014 26544.456 1513295999999 10721.2858783 14886 12383.078 5035.44653543
1513296000000 0.39677 0.5 0.3927 0.43544 21902.818 1513382399999 9310.38004132 12660 10867.355 4615.78435265
1513382400000 0.43545 0.44342 0.41811 0.43001 16196.795 1513468799999 6942.53179703 11967 8371.427 3591.01470794
1513468800000 0.432 0.49 0.424 0.43603 17536.157 1513555199999 7751.33118915 14326 8775.24 3890.21838985
1513555200000 0.44761 0.46275 0.41 0.44877 18505.907 1513641599999 8043.74394314 14866 9706.328 4224.13090219
1513641600000 0.44877 0.453 0.40454 0.42222 23280.336 1513727999999 9941.32337898 20855 12104.254 5168.40737171
1513728000000 0.42367 0.43 0.365 0.38185 33624.235 1513814399999 13442.38335359 25132 20061.741 8036.51682108
1513814400000 0.38006 0.43 0.36701 0.38597 41075.318 1513900799999 15610.96696315 28965 23727.009 9033.1552366
1513900800000 0.38597 0.4097 0.35098 0.3932 45441.936 1513987199999 17296.28475986 30597 22507.268 8595.72929885
1513987200000 0.39346 0.40676 0.38 0.39799 29123.155 1514073599999 11523.59143401 22231 15172.147 6014.90439357
1514073600000 0.39799 0.406 0.38802 0.40001 20559.977 1514159999999 8198.31043068 16219 10061.825 4019.01246765
1514160000000 0.39993 0.39993 0.36001 0.36416 22724.247 1514246399999 8532.8414577 15696 10298.315 3856.1737099
1514246400000 0.36499 0.38309 0.3511 0.36957 19795.976 1514332799999 7294.76106655 16389 11729.494 4323.921162
1514332800000 0.36957 0.37534 0.35201 0.35601 26968.181 1514419199999 9751.04417031 20950 16356.461 5914.65861413
1514419200000 0.3553 0.36 0.32612 0.345 27130.789 1514505599999 9394.32907698 21974 15150.03 5249.3549013
1514505600000 0.345 0.34666 0.3157 0.324 46931.682 1514591999999 15545.52081516 37409 28980.512 9602.71932226
1514592000000 0.32499 0.32574 0.285 0.30275 52906.074 1514678399999 16515.94166977 37541 30487.568 9537.1468918
1514678400000 0.30275 0.32197 0.29511 0.30403 37890.362 1514764799999 11531.16360704 27063 22223.177 6762.90237293
1514764800000 0.30403 0.30586 0.29037 0.29485 33985.425 1514851199999 10131.74867858 21596 20236.755 6035.06509367
1514851200000 0.29485 0.30797 0.27154 0.28897 59327.523 1514937599999 17062.87994993 37689 31792.756 9165.45840699
1514937600000 0.28896 0.293 0.25201 0.25535 89553.979 1515023999999 24761.79580513 57858 49580.895 13704.06802135
1515024000000 0.25535 0.25967 0.205 0.24629 139167.928 1515110399999 33431.48476281 83828 80692.753 19382.23935784
1515110400000 0.2463 0.261 0.23057 0.24912 123772.448 1515196799999 30431.99742789 68380 62958.144 15521.21636466
1515196800000 0.25004 0.31332 0.2475 0.27422 134564.254 1515283199999 38065.86410086 70394 64558.99 18213.63774717
1515283200000 0.274 0.28198 0.21051 0.23981 78485.56 1515369599999 20182.3933555 42936 36744.519 9449.59991811
1515369600000 0.23982 0.23997 0.20311 0.22268 83052.153 1515455999999 18625.67446955 47929 41737.032 9356.75097406
1515456000000 0.22269 0.22275 0.1806 0.1886 83344.734 1515542399999 17040.83261199 47085 40874.18 8410.97009455
1515542400000 0.18872 0.20041 0.11279 0.1979 102433.96 1515628799999 18647.57070387 54462 50244.717 9171.71306821
1515628800000 0.19847 0.19999 0.18001 0.19724 71450.868 1515715199999 13651.83968294 41574 38700.508 7398.71842104
1515715200000 0.19682 0.20168 0.1831 0.1855 48165.214 1515801599999 9153.31211876 31371 26549.64 5050.58159171
1515801600000 0.1855 0.19254 0.17357 0.18567 53832.511 1515887999999 9782.80613204 32071 26301.843 4782.66641577
1515888000000 0.18584 0.1972 0.17301 0.17314 56001.734 1515974399999 10285.79104391 31208 28087.839 5154.40344265
1515974400000 0.17314 0.18598 0.17169 0.18101 41775.657 1516060799999 7498.87480363 26110 24622.213 4422.53419963
1516060800000 0.18101 0.1945 0.17008 0.178 75986.557 1516147199999 13828.84061327 42059 40336.382 7352.66800876
1516147200000 0.17873 0.19 0.155 0.18318 76631.399 1516233599999 14071.49030839 40517 43784.877 8055.62255374
1516233600000 0.18318 0.18997 0.1803 0.18777 61763.802 1516319999999 11460.00066866 31896 34861.46 6472.64065163
1516320000000 0.1873 0.18908 0.18167 0.18556 33356.019 1516406399999 6177.10273754 19878 18102.287 3353.91531643
1516406400000 0.18569 0.186 0.17836 0.1828 34817.419 1516492799999 6355.73033999 21032 17504.451 3196.57934121
1516492800000 0.18275 0.1834 0.17628 0.18126 28445.468 1516579199999 5136.31273958 16204 15482.722 2799.52493608
1516579200000 0.18169 0.18325 0.17681 0.17903 28984.758 1516665599999 5207.88287658 17814 16215.531 2915.78447744
1516665600000 0.17903 0.1825 0.17613 0.17982 28099.878 1516751999999 5052.84632715 16520 15777.644 2837.19422069
1516752000000 0.18037 0.18155 0.16868 0.17031 27408.883 1516838399999 4832.90862231 16368 13890.293 2451.95540712
1516838400000 0.17031 0.17232 0.16157 0.16943 29308.041 1516924799999 4956.04103211 16785 15569.069 2634.91628037
1516924800000 0.16944 0.17027 0.16542 0.16732 26810.903 1517011199999 4501.72535934 13346 12449.692 2092.44432912
1517011200000 0.16732 0.17 0.16158 0.16249 22359.874 1517097599999 3704.1048792 11706 11017.966 1825.27494708
1517097600000 0.16254 0.1648 0.1515 0.15732 29533.574 1517183999999 4642.517715 16794 14562.663 2290.61578008
1517184000000 0.15743 0.15867 0.15 0.15386 24336.854 1517270399999 3753.59468051 14577 11707.457 1807.44917626
1517270400000 0.15386 0.1586 0.15 0.15471 33387.91 1517356799999 5130.37982425 20460 17129.118 2633.92076919
1517356800000 0.15471 0.156 0.14411 0.14673 26682.144 1517443199999 3980.00150304 16784 12952.324 1931.69244875
1517443200000 0.1466 0.14877 0.12757 0.1379 42123.408 1517529599999 5817.76352992 25345 22580.636 3129.61756256
1517529600000 0.13753 0.145 0.13299 0.14257 58846.148 1517615999999 8191.57416828 33066 30881.639 4305.97198631
1517616000000 0.14255 0.169 0.13852 0.16556 65207.616 1517702399999 10150.14092677 37380 29636.573 4590.96927015
1517702400000 0.16556 0.186 0.162 0.17849 106782.614 1517788799999 18636.59588214 61473 45876.097 8011.59795178
1517788800000 0.17801 0.1868 0.17306 0.17908 65736.938 1517875199999 11830.00099912 41129 31484.845 5667.29996734
1517875200000 0.17926 0.19189 0.17701 0.18066 65514.251 1517961599999 11978.47294852 41773 33315.962 6096.9965191
1517961600000 0.18066 0.18705 0.178 0.18242 34547.926 1518047999999 6314.10066764 25574 17149.73 3137.60667976
1518048000000 0.18241 0.18349 0.18098 0.18098 521.738 1518134399999 95.09650611 363 209.288 38.1627376
1518134400000 0.18099 0.187 0.17673 0.1868 17962.455 1518220799999 3251.69788245 12485 8746.798 1584.18775206
1518220800000 0.1868 0.18935 0.17987 0.18181 32261.275 1518307199999 5944.40817134 24684 14579.173 2686.2652145
1518307200000 0.18197 0.1865 0.178 0.18347 21941.237 1518393599999 3994.09244084 17991 10184.377 1854.17528443
1518393600000 0.18346 0.18862 0.181 0.18637 21456.169 1518479999999 3956.7160088 20647 12515.598 2308.80395217
1518480000000 0.18663 0.18999 0.18469 0.18931 18387.267 1518566399999 3438.99052708 17505 9148.465 1712.40068862
1518566400000 0.18931 0.2475 0.189 0.23099 178737.995 1518652799999 39878.58544097 128559 80296.074 17902.70474067
1518652800000 0.231 0.2599 0.22541 0.2382 140397.518 1518739199999 34059.80537112 110417 65481.12 15871.6575808
1518739200000 0.23894 0.25173 0.226 0.24296 68260.818 1518825599999 16265.02440078 54474 32735.285 7796.16605755
1518825600000 0.24296 0.24498 0.232 0.23515 40046.593 1518911999999 9492.84252644 31996 19237.334 4560.03479755
1518912000000 0.23494 0.2445 0.22994 0.23413 44944.817 1518998399999 10625.05672651 36511 22856.769 5397.26118562
1518998400000 0.23411 0.2395 0.2305 0.23543 27650.056 1519084799999 6515.30748029 24129 14484.57 3415.83845583
1519084800000 0.23589 0.27373 0.23301 0.25803 73930.012 1519171199999 19070.9464569 58829 35693.427 9191.8871282
1519171200000 0.25807 0.25989 0.2411 0.25136 48675.808 1519257599999 12215.32046103 44677 22055.846 5537.60120298
1519257600000 0.25056 0.26 0.23728 0.24035 31355.905 1519343999999 7728.39864376 33973 14550.914 3596.03983578
1519344000000 0.24007 0.24825 0.22402 0.24234 38428.473 1519430399999 9149.50735115 36545 18098.58 4315.57293211
1519430400000 0.2421 0.2537 0.23428 0.24807 26221.249 1519516799999 6414.00015763 26124 13888.829 3404.98019319
1519516800000 0.24805 0.266 0.242 0.25974 34243.383 1519603199999 8673.68896073 31390 14245.162 3605.32211124
1519603200000 0.25973 0.27335 0.25001 0.25125 40287.16 1519689599999 10459.16259956 44315 18580.45 4830.77134724
1519689600000 0.25176 0.2547 0.2425 0.24575 32449.557 1519775999999 8024.69245698 26601 18115.502 4480.68993052
1519776000000 0.24631 0.25221 0.2358 0.23666 21582.327 1519862399999 5249.7512368 20242 12163.126 2961.74630056
1519862400000 0.23635 0.2475 0.23369 0.23982 18177.65 1519948799999 4377.93898253 16885 10411.78 2510.08421582
1519948800000 0.24 0.25 0.23725 0.24824 17431.738 1520035199999 4200.60140659 14237 9156.625 2208.96072919
1520035200000 0.24804 0.25469 0.24233 0.2452 16255.11 1520121599999 4039.11431276 13913 8372.179 2081.30788698
1520121600000 0.2452 0.248 0.24047 0.24626 11485.826 1520207999999 2806.02028972 11116 6019.32 1470.64007556
1520208000000 0.24626 0.25095 0.24 0.24773 16618.224 1520294399999 4082.58896822 13676 8928.155 2194.6274081
1520294400000 0.24823 0.24835 0.23834 0.24033 15506.711 1520380799999 3774.54873221 13639 7792.483 1897.42899161
1520380800000 0.24034 0.24803 0.23982 0.24636 19991.367 1520467199999 4876.55642573 17564 10653.488 2601.92988958
1520467200000 0.24654 0.25614 0.24032 0.25184 17926.598 1520553599999 4418.78733091 17009 9878.41 2438.30256467
1520553600000 0.25184 0.27081 0.24256 0.25644 25678.806 1520639999999 6540.52321703 25759 13337.742 3399.35857034
1520640000000 0.25651 0.26895 0.25267 0.25909 14847.77 1520726399999 3823.2190669 15305 8095.224 2087.02818272
1520726400000 0.25977 0.2648 0.25678 0.26029 12605.632 1520812799999 3289.60577133 14067 6600.785 1724.13034947
1520812800000 0.26084 0.2625 0.25465 0.2549 15797.951 1520899199999 4086.02704692 13363 8588.683 2225.89419102
1520899200000 0.2549 0.25679 0.24821 0.25371 15694.589 1520985599999 3977.92254073 14561 9069.027 2300.86181506
1520985600000 0.25371 0.27 0.24889 0.26226 15327.499 1521071999999 3959.12919998 15030 8373.891 2172.86262108
1521072000000 0.26225 0.27495 0.2603 0.26929 17940.003 1521158399999 4784.45311764 17362 9445.981 2519.84723495
1521158400000 0.26929 0.2781 0.26482 0.27431 10990.05 1521244799999 2979.1584413 11073 5246.622 1423.60119154
1521244800000 0.27429 0.27896 0.26709 0.27738 8728.613 1521331199999 2378.28440673 9048 4061.977 1107.71963864
1521331200000 0.27755 0.30299 0.27642 0.28613 20467.8 1521417599999 5915.01987485 25116 11658.789 3375.71939301
1521417600000 0.28613 0.29528 0.27955 0.28959 15413.723 1521503999999 4457.26376496 19640 7714.838 2233.09879681
1521504000000 0.28958 0.30866 0.288 0.30251 14939.186 1521590399999 4473.21237419 13548 8413.906 2521.52352625
1521590400000 0.3024 0.30621 0.29423 0.30118 10748.681 1521676799999 3231.94033735 11018 4917.451 1479.79770171
1521676800000 0.30067 0.31133 0.29655 0.30292 9316.442 1521763199999 2832.94926835 9955 4876.74 1484.30361458
1521763200000 0.30292 0.31332 0.29835 0.3112 11955.799 1521849599999 3672.58844895 11712 6764.042 2081.34752195
1521849600000 0.31112 0.31312 0.30348 0.30518 9112.292 1521935999999 2796.02933562 10140 4066.361 1248.77248058
1521936000000 0.30518 0.308 0.30336 0.30543 6010.446 1522022399999 1840.33897376 6185 3038.653 931.02216269
1522022400000 0.30543 0.313 0.29992 0.30446 15771.184 1522108799999 4818.7866652 13322 6814.85 2086.03505597
1522108800000 0.30441 0.3127 0.29714 0.30157 14339.745 1522195199999 4372.83117388 14337 7647.814 2335.18443123
1522195200000 0.30117 0.304 0.293 0.294 17067.473 1522281599999 5074.4926879 13833 6381.712 1901.35061184
1522281600000 0.294 0.304 0.28761 0.29921 23075.328 1522367999999 6803.23304248 19088 11509.979 3399.55520802
1522368000000 0.29854 0.3156 0.2943 0.30097 17317.494 1522454399999 5265.60229773 17419 8519.732 2593.69624719
1522454400000 0.30029 0.30365 0.294 0.29462 8316.033 1522540799999 2481.67920622 10636 4395.497 1313.43379807
1522540800000 0.29528 0.30763 0.29103 0.30349 9421.952 1522627199999 2831.65401639 11166 5351.671 1611.9585514
1522627200000 0.30349 0.31189 0.30209 0.30953 10280.36 1522713599999 3164.52746666 8846 4010.727 1234.60045226
1522713600000 0.30911 0.33272 0.30663 0.32276 18017.154 1522799999999 5649.37100039 13966 5622.218 1777.74617261
1522800000000 0.32251 0.32765 0.3061 0.31241 16448.799 1522886399999 5215.76692685 12648 5015.56 1583.80354891
1522886400000 0.3124 0.31762 0.30651 0.31084 8402.446 1522972799999 2632.50816087 8916 4700.872 1474.80571466
1522972800000 0.31084 0.31337 0.30478 0.30501 6694.619 1523059199999 2067.39878148 8078 3097.746 957.20256043
1523059200000 0.30501 0.312 0.29897 0.30058 6770.103 1523145599999 2066.74498062 8563 3515.316 1076.1903546
1523145600000 0.30137 0.3025 0.29205 0.29387 5041.741 1523231999999 1491.34758631 8393 2784.508 823.74877771
1523232000000 0.29386 0.2982 0.28046 0.28781 7826.229 1523318399999 2265.71834695 10191 3942.745 1140.25741936
1523318400000 0.28787 0.28869 0.274 0.27516 8476.734 1523404799999 2388.60791477 9271 4040.941 1140.1687025
1523404800000 0.27462 0.27715 0.27 0.27533 9733.335 1523491199999 2658.24856245 10339 5732.302 1566.03250897
1523491200000 0.27533 0.27586 0.25864 0.26174 20873.367 1523577599999 5548.02071583 20130 9628.463 2559.58140516
1523577600000 0.26245 0.26268 0.249 0.25345 15579.038 1523663999999 3979.80272102 14460 7662.652 1958.92823565
1523664000000 0.25361 0.2566 0.24913 0.25137 12960.92 1523750399999 3271.83800844 7703 9621.088 2427.50712906
1523750400000 0.2512 0.25437 0.2468 0.2483 7379.997 1523836799999 1844.45734452 7655 3674.336 918.7565557
1523836800000 0.24841 0.25508 0.24736 0.2515 8787.923 1523923199999 2202.30928808 7863 4060.395 1018.57702774
1523923200000 0.2515 0.27289 0.25147 0.26288 19867.539 1524009599999 5254.21616738 17997 9093.909 2405.69047528
1524009600000 0.26291 0.27 0.26271 0.26661 11537.946 1524095999999 3075.24470504 8772 5227.892 1394.47878505
1524096000000 0.26607 0.26699 0.25471 0.25822 13591.697 1524182399999 3550.22696625 12878 6219.355 1624.480484
1524182400000 0.25783 0.26143 0.25044 0.25219 15670.356 1524268799999 4000.85548993 12785 6535.774 1668.41005504
1524268800000 0.25219 0.25576 0.241 0.24512 16192.812 1524355199999 3998.14966199 11311 6488.931 1603.80964483
1524355200000 0.24541 0.24701 0.23241 0.23527 9787.958 1524441599999 2332.70305482 10915 5208.546 1241.88637581
1524441600000 0.23527 0.24805 0.23167 0.2367 12942.543 1524527999999 3057.9731394 8937 6412.497 1516.40829632
1524528000000 0.23683 0.2475 0.22875 0.23412 18446.194 1524614399999 4343.30167224 13396 7983.861 1880.50937912
1524614400000 0.23415 0.24029 0.23082 0.23466 21374.272 1524700799999 5026.27807019 18532 11776.792 2772.76464051
1524700800000 0.23434 0.2375 0.22941 0.23159 10247.027 1524787199999 2378.23730801 8764 4208.697 978.10682027
1524787200000 0.2319 0.23229 0.2206 0.22613 11454.147 1524873599999 2587.0430288 12240 5677.703 1281.93512858
1524873600000 0.22613 0.22658 0.21001 0.22221 11832.074 1524959999999 2621.57203089 10954 6483.855 1438.14030805
1524960000000 0.2222 0.22509 0.22022 0.2223 14755.472 1525046399999 3285.38138388 10372 7515.954 1673.97085261
1525046400000 0.22223 0.22349 0.21754 0.22109 16155.359 1525132799999 3571.60437946 13139 7540.757 1667.79760787
1525132800000 0.22109 0.22861 0.21795 0.22019 14411.467 1525219199999 3195.36974596 11948 6429.463 1426.82175466
1525219200000 0.22021 0.22378 0.21555 0.22033 12887.887 1525305599999 2827.95813306 11456 6430.573 1411.48461456
1525305600000 0.2204 0.22317 0.2 0.20687 28456.494 1525391999999 6056.40076136 20181 12712.676 2706.44519354
1525392000000 0.20687 0.21827 0.20234 0.21524 30279.709 1525478399999 6319.9926355 16060 14113.044 2937.96211542
1525478400000 0.21568 0.23 0.21004 0.21828 40324.093 1525564799999 8784.91516413 19179 17804.532 3884.25413559
1525564800000 0.21863 0.22458 0.21403 0.21693 20762.105 1525651199999 4524.86582456 12958 8412.801 1834.61264297
1525651200000 0.21678 0.2286 0.21531 0.21826 24822.616 1525737599999 5486.69149177 14908 12633.79 2794.8122425
1525737600000 0.21839 0.2299 0.21011 0.21206 15275.637 1525823999999 3317.11629589 11728 8178.248 1781.2233082
1525824000000 0.21206 0.21479 0.20832 0.2085 12783.83 1525910399999 2699.36995788 8974 5950.234 1256.40409868
1525910400000 0.2085 0.21177 0.2041 0.20506 13625.148 1525996799999 2826.53788646 11045 6504.029 1350.96886704
1525996800000 0.20476 0.20506 0.20057 0.20102 3329.624 1526083199999 672.80354242 3162 1322.5 267.60831442
