1499990400000 0.019 0.019895 0.016806 0.018711 5283.28 1500076799999 101.17497813 2367 2569.77 48.99338815
1500076800000 0.018929 0.0209 0.017443 0.019504 21121.59 1500163199999 403.72047536 5707 12631.87 238.78386477
1500163200000 0.019518 0.021594 0.019359 0.021418 11790.03 1500249599999 234.67388364 5965 8733.68 173.46160819
1500249600000 0.021392 0.021543 0.019077 0.019133 8425.31 1500335999999 170.97007398 6074 5928.0 120.04384698
1500336000000 0.019094 0.019531 0.018557 0.01901 8218.13 1500422399999 157.18162097 5827 5163.01 98.71592522
1500422400000 0.019061 0.019328 0.017702 0.017929 8221.73 1500508799999 152.01533863 5810 5254.63 97.13521294
1500508800000 0.017891 0.018251 0.01506 0.015674 9511.09 1500595199999 163.60495354 4746 6100.91 104.61307225
1500595200000 0.015642 0.017628 0.015551 0.017004 9278.52 1500681599999 155.96131317 6277 5653.59 94.95843345
1500681600000 0.016992 0.017069 0.015864 0.016506 11920.7 1500767999999 196.54357314 6996 6803.13 112.26075269
1500768000000 0.01654 0.016688 0.016083 0.016355 9985.53 1500854399999 163.06819491 5666 5455.95 89.15252794
1500854400000 0.016363 0.016493 0.015982 0.016147 10636.08 1500940799999 172.58759222 6695 5969.01 96.88679085
1500940800000 0.01619 0.016735 0.015808 0.016486 10238.66 1501027199999 166.75696197 6831 5755.97 93.74978435
1501027200000 0.016485 0.016959 0.016332 0.016643 12192.96 1501113599999 203.10276503 7316 6940.27 115.642821
1501113600000 0.016646 0.01671 0.015666 0.015784 16535.12 1501199999999 269.21834994 8478 9382.28 152.86274616
1501200000000 0.015822 0.015927 0.013592 0.014319 24586.77 1501286399999 364.10956779 8527 13574.67 200.84962028
1501286400000 0.014321 0.015319 0.01419 0.015069 25069.55 1501372799999 367.10962762 8899 12646.41 185.15947755
1501372800000 0.015069 0.015508 0.014374 0.014483 23339.35 1501459199999 348.74954806 8613 11729.88 175.20367474
1501459200000 0.014483 0.015828 0.013014 0.014782 26190.59 1501545599999 382.92077097 8424 13354.64 194.95481928
1501545600000 0.014782 0.0162 0.014693 0.015801 33527.69 1501631999999 514.703639 9014 17624.96 270.56232515
1501632000000 0.015786 0.015859 0.015265 0.015319 46221.39 1501718399999 716.79669446 9634 22999.7 356.66200908
1501718400000 0.015319 0.015636 0.014927 0.015126 25303.79 1501804799999 387.69033573 8481 12957.58 198.68468357
1501804800000 0.015113 0.015285 0.014879 0.014987 25640.07 1501891199999 387.55287345 8426 14190.54 214.50960782
1501891200000 0.014986 0.015602 0.014005 0.014336 26888.56 1501977599999 393.02976697 8329 13190.83 193.07463408
1501977600000 0.01437 0.014586 0.013738 0.014164 25709.95 1502063999999 365.74718578 8702 12843.46 182.65523535
1502064000000 0.014164 0.014393 0.01348 0.013586 28553.02 1502150399999 395.85123032 9072 13564.77 187.98551439
1502150400000 0.013574 0.014421 0.01325 0.014168 24378.1 1502236799999 331.94595288 8278 12407.76 169.04533647
1502236800000 0.014183 0.014994 0.013718 0.013907 29372.13 1502323199999 420.79408406 8812 15206.96 217.92172805
1502323200000 0.013928 0.014351 0.013624 0.01367 28192.66 1502409599999 395.86398268 8880 15627.53 219.4642024
1502409600000 0.013658 0.013971 0.012882 0.013015 59622.06 1502495999999 814.87934142 8475 14186.19 191.39938408
1502496000000 0.013015 0.013516 0.011993 0.012003 111515.19 1502582399999 1441.67234109 8872 14304.58 184.49505856
1502582400000 0.012003 0.012085 0.010729 0.010962 47964.94 1502668799999 541.60293868 9404 26822.47 301.78347771
1502668800000 0.010961 0.01186 0.010425 0.010508 38245.6 1502755199999 415.556427 9322 21112.28 229.5054998
1502755200000 0.010508 0.011332 0.00983 0.010339 44285.91 1502841599999 461.60764266 10277 22569.12 235.25131254
1502841600000 0.010344 0.010669 0.010003 0.010046 41845.22 1502927999999 436.11086884 10623 21146.02 220.46827216
1502928000000 0.010013 0.010259 0.009737 0.010076 31348.92 1503014399999 314.85567686 9341 16298.86 163.73264741
1503014400000 0.010083 0.011518 0.01001 0.011286 48633.76 1503100799999 522.42786607 11573 25396.32 271.98824609
1503100800000 0.011324 0.011324 0.010675 0.010826 35423.83 1503187199999 388.36365435 9411 18911.13 207.35746819
1503187200000 0.010852 0.011543 0.010632 0.011219 39417.1 1503273599999 432.80522188 9751 21329.59 234.09397071
1503273600000 0.011218 0.012194 0.010988 0.011846 45099.29 1503359999999 515.32808343 10640 26505.32 302.0458004
1503360000000 0.01187 0.012409 0.01109 0.01136 39282.83 1503446399999 461.02200239 10744 19365.82 227.37353948
1503446400000 0.011342 0.015822 0.011053 0.012724 66644.84 1503532799999 818.02098468 11905 35301.12 433.81349292
1503532800000 0.012724 0.012982 0.011538 0.011558 62578.89 1503619199999 767.58932877 12283 33143.93 406.50135799
1503619200000 0.011558 0.011856 0.011363 0.011751 37290.39 1503705599999 433.12601681 10067 19768.21 229.47967123
1503705600000 0.011751 0.012117 0.011522 0.01187 32149.12 1503791999999 378.87817118 8814 18113.07 213.52230001
1503792000000 0.011869 0.014804 0.011711 0.014 78078.37 1503878399999 1051.57525426 13448 41002.19 551.57145856
1503878400000 0.013997 0.015094 0.01381 0.014249 50847.05 1503964799999 733.33874332 10273 28885.59 415.84222287
1503964800000 0.014247 0.014446 0.013176 0.013774 40334.72 1504051199999 561.72759756 9258 23896.73 332.81722794
1504051200000 0.013789 0.014196 0.0132 0.014139 42093.37 1504137599999 577.69469942 9946 25391.11 348.32418921
1504137600000 0.014128 0.015646 0.01385 0.015362 50828.65 1504223999999 740.14971916 10708 28893.39 420.06364809
1504224000000 0.015354 0.0185 0.014916 0.017796 79313.06 1504310399999 1320.84479333 14982 43023.74 715.15020659
1504310400000 0.017796 0.018993 0.016106 0.017216 61523.4 1504396799999 1064.17799314 11974 34306.21 592.62080976
1504396800000 0.017217 0.017678 0.016755 0.016935 49341.56 1504483199999 849.10109537 10934 29668.99 510.53806476
1504483200000 0.016943 0.017215 0.014963 0.015711 61102.38 1504569599999 977.7700327 14171 34636.8 554.63602522
1504569600000 0.015711 0.0168 0.015158 0.016695 47517.2 1504655999999 759.07917598 11961 28559.86 456.40655956
1504656000000 0.016695 0.017735 0.016694 0.017306 28821.51 1504742399999 488.66125189 7154 17677.41 299.72215847
1504742400000 0.017306 0.018 0.016906 0.017275 34878.29 1504828799999 606.86499477 9104 20472.86 355.95827557
1504828800000 0.017275 0.0176 0.015784 0.016809 58347.79 1504915199999 988.06496192 12470 34073.04 578.41869358
1504915200000 0.016809 0.016825 0.016122 0.016355 37996.69 1505001599999 622.82402427 10459 21454.79 351.76878795
1505001600000 0.016355 0.016414 0.015436 0.015744 43525.21 1505087999999 690.25369544 11966 23888.5 378.77098296
1505088000000 0.015734 0.016418 0.015634 0.01617 58763.64 1505174399999 946.02062277 11908 29381.88 472.55840822
1505174400000 0.01617 0.016423 0.015889 0.015969 33924.58 1505260799999 549.27946562 11491 21272.97 344.52370951
1505260800000 0.015952 0.016089 0.015291 0.01595 36992.48 1505347199999 581.70131584 11897 20769.71 326.52447
1505347200000 0.015955 0.016 0.01367 0.013753 71454.83 1505433599999 1050.83067861 20265 36490.81 537.70116406
1505433600000 0.013738 0.015002 0.011273 0.014036 77242.57 1505519999999 1060.10591681 17622 41599.4 570.72563755
1505520000000 0.014002 0.014583 0.013844 0.014077 38050.09 1505606399999 538.0840089 11440 22751.55 321.87691579
1505606400000 0.014119 0.014197 0.013642 0.013827 32051.33 1505692799999 445.78628458 10412 19576.94 272.30563067
1505692800000 0.013827 0.014044 0.01351 0.013703 44688.86 1505779199999 617.64452434 13485 24680.98 341.15973301
1505779200000 0.013738 0.013941 0.013347 0.013536 35370.6 1505865599999 480.88016648 13197 20088.81 273.12847175
1505865600000 0.013527 0.013597 0.01313 0.013238 24166.22 1505951999999 321.88310128 11937 12872.87 171.49131685
1505952000000 0.013242 0.013526 0.012645 0.012846 34278.71 1506038399999 448.88103067 11797 16861.24 220.86815313
1506038400000 0.012819 0.013363 0.012569 0.0131 43594.76 1506124799999 562.71234036 12875 21246.46 274.27974624
1506124800000 0.0131 0.01322 0.012812 0.013034 40384.66 1506211199999 524.26252176 12269 19448.31 252.48858494
1506211200000 0.013105 0.013155 0.01285 0.012951 35874.44 1506297599999 465.46282999 10334 18196.89 236.11432951
1506297600000 0.012951 0.0135 0.0128 0.013261 30506.99 1506383999999 399.61331099 10094 13920.03 182.49987775
1506384000000 0.0133 0.013691 0.013207 0.013377 31579.3 1506470399999 422.60734753 10442 16676.1 223.1228629
1506470400000 0.013365 0.01357 0.013146 0.013476 39695.32 1506556799999 529.76828509 11583 21472.68 286.54784344
1506556800000 0.01347 0.01351 0.012941 0.013073 38021.3 1506643199999 502.07107851 12911 20943.41 276.51924161
1506643200000 0.013071 0.01322 0.01246 0.012671 33854.31 1506729599999 432.18309539 10412 17003.62 217.16569598
1506729600000 0.012657 0.012901 0.012572 0.012712 32252.52 1506815999999 410.98442737 10278 15786.64 201.32002802
1506816000000 0.012716 0.012741 0.012233 0.012401 36275.14 1506902399999 454.61310551 11773 18400.55 230.6457362
1506902400000 0.012425 0.012425 0.012001 0.01209 38964.33 1506988799999 476.49273288 12245 20269.06 248.0540201
1506988800000 0.012086 0.0122 0.0119 0.012042 37853.67 1507075199999 456.85080046 10949 19043.62 229.9237961
1507075200000 0.01207 0.012347 0.01187 0.012062 35891.83 1507161599999 436.5990233 11038 17692.72 215.36501653
1507161600000 0.012067 0.0122 0.01179 0.011917 37817.1 1507247999999 453.08940955 10774 18383.97 220.25097276
1507248000000 0.011917 0.011999 0.011809 0.011845 35290.99 1507334399999 419.92787552 11684 17000.32 202.37797012
1507334400000 0.011853 0.01197 0.011763 0.011836 34974.68 1507420799999 415.11460745 10333 15878.01 188.52722758
1507420800000 0.011838 0.012053 0.011482 0.011565 36296.79 1507507199999 426.19587979 11011 18025.19 211.69398822
1507507200000 0.01156 0.011604 0.00983 0.010439 36616.38 1507593599999 401.91631788 11095 18197.74 199.81630987
1507593600000 0.010458 0.010731 0.010264 0.010596 35771.67 1507679999999 374.02651594 10988 17323.3 181.18290405
1507680000000 0.01062 0.010732 0.010359 0.010487 35248.74 1507766399999 371.11029297 10392 17978.98 189.36817177
1507766400000 0.010496 0.011118 0.009842 0.010995 61419.65 1507852799999 649.08345027 10515 28676.37 303.10667175
1507852800000 0.010997 0.011098 0.009802 0.010517 105174.87 1507939199999 1083.37759722 10703 51954.37 534.65746194
1507939200000 0.010522 0.011638 0.010329 0.01097 98489.31 1508025599999 1071.90062192 10490 46294.61 503.61450903
1508025600000 0.010946 0.012154 0.010946 0.011499 96772.03 1508111999999 1121.19933835 9785 45500.03 527.52962365
1508112000000 0.011522 0.011604 0.0111 0.011218 91963.35 1508198399999 1040.82728478 9269 41581.59 470.7370323
1508198400000 0.011231 0.011262 0.010498 0.010575 72690.04 1508284799999 792.1291515 8710 35572.48 388.01651085
1508284800000 0.010508 0.011098 0.010345 0.010775 65665.81 1508371199999 695.46493769 9800 32811.4 348.227149
1508371200000 0.010863 0.010911 0.009318 0.010404 65744.59 1508457599999 695.10473337 8755 26607.57 282.43099464
1508457600000 0.010405 0.010565 0.009956 0.009961 65204.86 1508543999999 670.65778825 8580 27007.82 278.44901932
1508544000000 0.009997 0.010025 0.00917 0.009621 55552.8 1508630399999 531.89528703 7428 29194.54 280.40375256
1508630400000 0.009625 0.009996 0.009104 0.00942 55857.86 1508716799999 536.02407022 7993 22020.07 212.13158629
1508716800000 0.009429 0.0095 0.008887 0.009194 73860.58 1508803199999 681.34754372 10101 31444.37 290.4633528
1508803200000 0.009194 0.01044 0.008964 0.010079 71794.46 1508889599999 721.79831666 10190 31334.36 315.65652499
1508889600000 0.01007 0.010168 0.009624 0.009791 60836.51 1508975999999 601.98560223 8354 20290.32 200.9668538
1508976000000 0.009796 0.00983 0.009337 0.009367 60840.74 1509062399999 581.90785505 7851 27509.8 263.71727502
1509062400000 0.009401 0.009736 0.009232 0.009531 63398.39 1509148799999 599.97525454 7893 23973.58 227.40637062
1509148800000 0.009523 0.009749 0.009374 0.009441 56992.56 1509235199999 539.72301301 7947 21639.72 205.42849264
1509235200000 0.009409 0.009842 0.009149 0.009218 61413.26 1509321599999 579.08329276 8983 22986.64 217.37270158
1509321600000 0.009245 0.009575 0.0091 0.009183 52039.79 1509407999999 481.03501218 7744 27768.02 257.01632505
1509408000000 0.009186 0.009235 0.0085 0.008593 54392.01 1509494399999 487.43446924 8420 24565.95 221.11533407
1509494400000 0.008598 0.008687 0.007767 0.007864 57441.0 1509580799999 481.73366527 9111 26140.03 219.35037411
1509580800000 0.007864 0.007965 0.006801 0.007676 62270.48 1509667199999 467.31675281 9056 29227.82 219.40442198
1509667200000 0.007678 0.007984 0.007246 0.007834 56653.4 1509753599999 430.04784882 9038 25591.34 194.69222907
1509753600000 0.007834 0.007997 0.00735 0.007442 58335.85 1509839999999 445.16833776 7911 24907.66 190.03862637
1509840000000 0.007433 0.007513 0.007117 0.007414 51562.04 1509926399999 378.48359754 7446 20759.39 152.66182192
1509926400000 0.007408 0.007997 0.007308 0.007807 55445.82 1510012799999 419.99045026 8974 21672.37 164.17442738
1510012800000 0.007808 0.00918 0.007629 0.0085 95816.42 1510099199999 792.46223817 13817 39824.8 326.49203306
1510099200000 0.0085 0.008911 0.007689 0.00837 85977.31 1510185599999 721.57066245 12325 39762.97 333.91752465
1510185600000 0.00836 0.00939 0.007984 0.00902 71457.04 1510271999999 626.12401314 10154 35014.94 307.17829154
1510272000000 0.009003 0.009351 0.008635 0.00891 72204.04 1510358399999 646.05812027 10819 34146.36 305.99222967
1510358400000 0.00893 0.010394 0.008746 0.009781 83587.93 1510444799999 785.81880931 11274 35550.01 335.64663282
1510444800000 0.00978 0.010463 0.00841 0.009905 88903.21 1510531199999 864.36988519 14663 42850.2 415.44987507
1510531200000 0.009935 0.0103 0.009033 0.009323 69967.11 1510617599999 665.20120771 10021 31332.39 298.59634299
1510617600000 0.009365 0.009692 0.00909 0.00943 68919.27 1510703999999 645.40000366 9662 28047.6 262.55577741
1510704000000 0.009425 0.009566 0.008585 0.008666 71960.17 1510790399999 648.39483708 10175 29887.58 269.21677438
1510790400000 0.008665 0.0097 0.008046 0.0091 103576.87 1510876799999 903.80192821 12539 49051.54 426.74125197
1510876800000 0.009107 0.00915 0.008399 0.008714 104205.4 1510963199999 903.74166583 13299 52737.9 457.22713191
1510963200000 0.008681 0.00899 0.008601 0.008982 71332.75 1511049599999 622.8522656 8710 36045.28 314.92523101
1511049600000 0.008965 0.009341 0.00861 0.00891 77304.49 1511135999999 693.8055638 9752 33172.39 297.63746692
1511136000000 0.00891 0.009149 0.008667 0.008789 77726.71 1511222399999 687.06752099 9290 36406.29 321.92973278
1511222400000 0.008788 0.008889 0.008524 0.008626 75707.8 1511308799999 654.28591682 8580 31150.25 269.380455
1511308800000 0.008626 0.00873 0.008525 0.008704 81927.39 1511395199999 705.21289618 9689 33873.84 291.8126077
1511395200000 0.008695 0.009414 0.008535 0.009026 100203.27 1511481599999 900.36294087 11149 40009.76 359.53280538
1511481600000 0.009033 0.009499 0.0085 0.00945 103715.06 1511567999999 945.90218783 13583 39810.92 362.88308038
1511568000000 0.009464 0.01025 0.00919 0.010069 125703.01 1511654399999 1214.54852056 15221 41823.02 404.46543704
1511654400000 0.01008 0.010129 0.0089 0.009193 102765.31 1511740799999 973.29050164 12265 33600.54 318.3882383
1511740800000 0.009189 0.009628 0.008901 0.009304 96073.38 1511827199999 895.94724201 12191 33098.0 308.70155743
1511827200000 0.009296 0.009665 0.009075 0.009499 92906.95 1511913599999 867.01620959 12244 45230.46 422.50898296
1511913600000 0.00949 0.01 0.008311 0.008563 113899.22 1511999999999 1046.06829288 16791 56767.83 521.24734526
1512000000000 0.008571 0.008872 0.008327 0.008681 82433.52 1512086399999 704.09946323 12242 38136.77 325.98055782
1512086400000 0.008676 0.0093 0.008393 0.009004 165036.17 1512172799999 1446.11258028 13270 102404.69 897.18300244
1512172800000 0.008986 0.009399 0.008901 0.009073 188185.76 1512259199999 1712.6936774 12068 121180.03 1103.3468046
1512259200000 0.009056 0.00915 0.008754 0.008931 170139.7 1512345599999 1518.59158489 11751 100281.99 895.66503559
1512345600000 0.008931 0.008976 0.008499 0.008915 151782.38 1512431999999 1327.88667685 14130 86971.22 761.45358851
1512432000000 0.008914 0.008925 0.0001 0.0085 201594.64 1512518399999 1733.37667202 19893 114122.22 987.77419084
1512518400000 0.008525 0.008642 0.0068 0.007091 229982.52 1512604799999 1803.84318615 29356 136772.58 1072.49861089
1512604800000 0.007084 0.007211 0.0035 0.00559 218329.93 1512691199999 1382.87331106 25676 119685.83 759.91618351
1512691200000 0.00559 0.00914 0.005217 0.007582 350884.66 1512777599999 2527.08964643 43758 181427.95 1298.22774442
1512777600000 0.007572 0.010999 0.007395 0.010153 549758.41 1512863999999 5272.76524984 62891 292168.67 2805.66737558
1512864000000 0.010153 0.010299 0.009038 0.00965 242091.68 1512950399999 2367.6408565 29548 124120.99 1213.70440525
1512950400000 0.009689 0.0134 0.0078 0.012566 527786.96 1513036799999 5880.3076875 74703 258395.67 2872.74643026
1513036800000 0.01257 0.021 0.012201 0.018125 988365.94 1513123199999 16029.52387952 159335 505101.19 8177.65016183
1513123200000 0.018125 0.02 0.016001 0.018105 446184.7 1513209599999 8147.660289 86427 216653.5 3960.42849632
1513209600000 0.018111 0.0188 0.0157 0.016621 380673.96 1513295999999 6608.73588839 77472 156918.51 2719.70851082
1513296000000 0.016621 0.018 0.0135 0.016791 352640.13 1513382399999 5627.48923985 79278 162916.62 2604.86368819
1513382400000 0.016805 0.01739 0.014774 0.015351 201883.07 1513468799999 3203.86923795 55762 88651.82 1414.81232211
1513468800000 0.015352 0.01739 0.015352 0.016564 335219.36 1513555199999 5496.09371593 74694 129458.88 2122.47606528
1513555200000 0.016564 0.01945 0.016315 0.018627 324274.86 1513641599999 5572.12541205 77957 126124.83 2171.78010628
1513641600000 0.018627 0.020099 0.018096 0.0196 316907.53 1513727999999 6076.97230433 93310 121035.41 2322.55961252
1513728000000 0.019589 0.01966 0.018163 0.0184 286904.04 1513814399999 5424.00252244 92136 115106.99 2176.07833105
1513814400000 0.0184 0.0197 0.018344 0.019579 238433.74 1513900799999 4497.95413282 94351 114751.11 2166.90843697
1513900800000 0.019577 0.019748 0.01604 0.018817 258462.2 1513987199999 4764.74020355 105719 119445.72 2206.07365358
1513987200000 0.018817 0.0195 0.018313 0.01916 150900.76 1514073599999 2885.80896539 69955 80829.4 1546.37867908
1514073600000 0.01916 0.0197 0.01882 0.019432 316004.11 1514159999999 6109.86160401 59191 167757.62 3244.82924109
1514160000000 0.019432 0.0199 0.019001 0.01904 341285.4 1514246399999 6651.18572068 59645 189560.48 3694.59240169
1514246400000 0.01904 0.019187 0.017067 0.017722 353912.22 1514332799999 6376.76230337 63439 194556.14 3505.13626828
1514332800000 0.017721 0.01776 0.017 0.017033 276779.14 1514419199999 4807.61873261 70256 149577.58 2598.46058307
1514419200000 0.017033 0.0175 0.016128 0.017239 213690.61 1514505599999 3668.80395196 75231 113613.52 1951.84486147
1514505600000 0.01724 0.0173 0.0165 0.016593 267352.72 1514591999999 4510.72637826 106005 138825.18 2342.41855856
1514592000000 0.016561 0.016903 0.016157 0.016724 287311.16 1514678399999 4759.08979179 113810 153419.11 2541.86246834
1514678400000 0.01671 0.017 0.01625 0.01632 243990.04 1514764799999 4011.7418664 84152 128059.02 2106.17440885
1514764800000 0.016318 0.017 0.016023 0.016622 235759.68 1514851199999 3921.87090275 71330 121510.45 2022.04520067
1514851200000 0.016622 0.018638 0.016 0.01687 345103.15 1514937599999 6070.3783715 126334 190548.52 3352.18354243
1514937600000 0.016848 0.01725 0.01595 0.015985 356429.82 1515023999999 5857.88222138 140582 196219.56 3227.01115025
1515024000000 0.015971 0.016271 0.015064 0.0155 505103.68 1515110399999 7905.88474901 195711 265831.46 4162.55056446
1515110400000 0.015493 0.016297 0.013 0.014208 454557.71 1515196799999 6913.9451146 153307 248497.59 3784.99486275
1515196800000 0.014208 0.019015 0.01412 0.016111 667963.86 1515283199999 11319.16595265 183764 333978.62 5655.87411189
1515283200000 0.016111 0.017196 0.01601 0.016657 336906.07 1515369599999 5650.83193184 108704 188786.85 3167.69472069
1515369600000 0.016635 0.017293 0.0165 0.016921 325671.99 1515455999999 5474.99260683 111193 177279.7 2981.96647088
1515456000000 0.016888 0.0172 0.0165 0.01701 324479.98 1515542399999 5458.48971868 116886 184088.81 3097.81061331
1515542400000 0.017038 0.0176 0.016602 0.016605 303983.56 1515628799999 5163.64915519 106987 165817.18 2817.83790118
1515628800000 0.016647 0.01731 0.0165 0.01694 303886.21 1515715199999 5162.66974475 101659 166372.04 2827.67149165
1515715200000 0.01695 0.017185 0.016796 0.016977 172015.33 1515801599999 2925.34515799 72471 99954.06 1700.72081976
1515801600000 0.016977 0.0185 0.016706 0.018168 215121.01 1515887999999 3717.24440331 100418 117804.23 2033.20256307
1515888000000 0.01816 0.01898 0.0173 0.017308 192213.29 1515974399999 3454.73405175 76549 102282.88 1838.12479678
1515974400000 0.017321 0.017583 0.016817 0.017034 138708.67 1516060799999 2378.50251698 60273 71850.17 1233.23425968
1516060800000 0.017034 0.01735 0.01481 0.01643 250422.11 1516147199999 4179.11382842 99249 128724.63 2151.79737949
1516147200000 0.0164 0.017038 0.015011 0.016701 258417.25 1516233599999 4209.886867 100335 134967.89 2201.90232454
1516233600000 0.016701 0.0173 0.016251 0.01702 199062.51 1516319999999 3344.29980244 81872 108327.06 1820.64728915
1516320000000 0.017019 0.017171 0.016514 0.016716 121412.77 1516406399999 2046.09879501 48823 67032.79 1130.35951408
1516406400000 0.016711 0.016791 0.016037 0.016484 121380.34 1516492799999 1988.21810689 47997 62677.79 1027.02611238
1516492800000 0.016483 0.0167 0.0161 0.016523 91922.4 1516579199999 1506.6499952 41126 48288.73 792.10447862
1516579200000 0.016526 0.0168 0.0163 0.016555 110166.34 1516665599999 1820.10587967 45686 59648.05 986.0092796
1516665600000 0.016555 0.016659 0.0162 0.01638 102942.94 1516751999999 1689.70775915 40171 58012.26 952.71588229
1516752000000 0.01638 0.0165 0.01587 0.015908 101364.93 1516838399999 1640.10000691 41117 56081.6 907.70842206
1516838400000 0.01592 0.016259 0.01573 0.01603 94670.67 1516924799999 1511.90638142 42269 51183.37 817.72074477
1516924800000 0.01603 0.0162 0.015683 0.01584 96141.16 1517011199999 1532.41180003 38567 49895.06 795.66403054
1517011200000 0.01584 0.0161 0.015691 0.015857 73448.46 1517097599999 1167.6193394 29029 38145.57 607.19837169
1517097600000 0.015857 0.0166 0.0156 0.01657 94997.84 1517183999999 1529.56749471 47149 51960.4 836.79512529
1517184000000 0.016574 0.01659 0.016 0.016126 73594.88 1517270399999 1190.972178 35382 40792.38 660.24999955
1517270400000 0.016126 0.017 0.016 0.016433 123821.3 1517356799999 2022.58662485 53401 68379.71 1116.91913953
1517356800000 0.016433 0.016486 0.0159 0.01605 81095.1 1517443199999 1308.69797843 38720 44077.68 711.1933331
1517443200000 0.01604 0.0163 0.015004 0.015603 128799.23 1517529599999 2042.46037568 54023 71888.6 1141.21096553
1517529600000 0.01559 0.015867 0.013247 0.01484 180641.41 1517615999999 2670.58172081 74542 92657.22 1371.41547058
1517616000000 0.014833 0.017601 0.014 0.01747 171436.38 1517702399999 2796.7716956 92110 89121.27 1453.75033989
1517702400000 0.01746 0.018835 0.01695 0.018 282366.1 1517788799999 5074.54341944 124772 140691.79 2531.25709329
1517788800000 0.018 0.01852 0.017451 0.01814 205382.72 1517875199999 3705.49504809 81154 101471.22 1832.35857146
1517875200000 0.018096 0.018706 0.017269 0.018419 215798.78 1517961599999 3913.0740786 93064 111007.08 2014.7452966
1517961600000 0.018419 0.018805 0.01795 0.018161 129892.6 1518047999999 2396.00664314 60979 62414.44 1151.5903343
1518048000000 0.018165 0.018323 0.018113 0.018219 2022.58 1518134399999 36.82847617 1280 999.05 18.21814681
1518134400000 0.018219 0.018888 0.01774 0.018835 67887.49 1518220799999 1239.4532033 34418 36009.55 657.50804872
1518220800000 0.01886 0.018994 0.018 0.01813 112462.05 1518307199999 2079.46616692 64409 56949.0 1053.81864308
1518307200000 0.01812 0.0188 0.017904 0.018366 75288.5 1518393599999 1375.31464124 52894 38702.08 707.50907472
1518393600000 0.018366 0.018677 0.01804 0.01816 68270.47 1518479999999 1246.83314177 44409 35153.31 642.45341112
1518480000000 0.01816 0.018699 0.018101 0.018664 69527.9 1518566399999 1274.14269443 40274 40493.75 742.25217391
1518566400000 0.018664 0.023698 0.0186 0.022481 849831.11 1518652799999 18395.79026722 352054 417793.77 9025.7549848
1518652800000 0.022451 0.025 0.020952 0.022061 625562.11 1518739199999 14481.77606849 272979 316750.87 7329.88035789
1518739200000 0.022054 0.023437 0.020952 0.022462 287673.2 1518825599999 6371.59248238 147835 142325.51 3151.85342281
1518825600000 0.022454 0.022587 0.0206 0.020628 166885.41 1518911999999 3568.3155119 89345 86474.53 1847.42175373
1518912000000 0.020658 0.0217 0.020012 0.020541 202824.19 1518998399999 4205.44896006 98120 98541.99 2041.17084601
1518998400000 0.020541 0.020881 0.01977 0.019848 114314.72 1519084799999 2329.55416557 63486 59292.58 1208.60798587
1519084800000 0.019847 0.022114 0.01927 0.020367 403558.22 1519171199999 8464.61469226 177738 191590.35 4015.86583161
1519171200000 0.020372 0.0207 0.019523 0.020075 193398.82 1519257599999 3885.89233012 110334 94480.6 1898.42278027
1519257600000 0.020074 0.0206 0.019231 0.019612 143485.87 1519343999999 2848.97666955 89068 72129.5 1431.34345929
1519344000000 0.019612 0.0208 0.018845 0.020403 157595.59 1519430399999 3164.25810431 99882 75861.69 1525.20347773
1519430400000 0.020402 0.02145 0.020095 0.02133 133628.14 1519516799999 2763.2776517 83895 70549.51 1458.63094586
1519516800000 0.02133 0.023413 0.020927 0.02278 176131.69 1519603199999 3902.42894537 94268 85022.03 1883.43699365
1519603200000 0.02276 0.023917 0.021 0.021162 241642.92 1519689599999 5463.84007841 120839 120331.3 2711.67869515
1519689600000 0.021165 0.021496 0.020011 0.0203 126961.79 1519775999999 2617.17890605 69612 69741.73 1437.07597768
1519776000000 0.020288 0.0208 0.0195 0.019539 98471.1 1519862399999 1968.34148847 51331 49864.18 996.96038465
1519862400000 0.019539 0.01998 0.0191 0.019123 91204.0 1519948799999 1782.82577357 44193 48371.3 944.95082189
1519948800000 0.01915 0.0195 0.018592 0.01928 78573.9 1520035199999 1486.86688871 39670 43181.16 817.23140216
1520035200000 0.019236 0.019722 0.018284 0.018284 83880.83 1520121599999 1588.44319741 42003 43604.19 824.36592533
1520121600000 0.018338 0.018947 0.01827 0.018553 55388.41 1520207999999 1027.64122066 31941 31757.22 589.12366912
1520208000000 0.018523 0.018932 0.018 0.018353 74449.52 1520294399999 1371.33776709 36555 37628.63 692.69115329
1520294400000 0.018331 0.0186 0.018114 0.018281 75105.95 1520380799999 1380.71276549 41369 36400.27 669.41468857
1520380800000 0.018303 0.01875 0.017671 0.018715 111404.4 1520467199999 2039.00963805 52837 57875.36 1060.10826548
1520467200000 0.018715 0.019273 0.018401 0.018899 92001.99 1520553599999 1726.81982443 49300 47737.07 896.10687871
1520553600000 0.018896 0.0209 0.018487 0.020137 161881.45 1520639999999 3184.32639241 79372 84181.86 1655.01286088
1520640000000 0.020149 0.020689 0.01975 0.02013 88202.84 1520726399999 1779.58402808 49404 43116.98 869.98034913
1520726400000 0.02014 0.02072 0.019513 0.019709 73189.77 1520812799999 1480.00597379 41308 36846.93 745.21261156
1520812800000 0.019711 0.019926 0.019251 0.019463 61395.31 1520899199999 1201.33371448 36449 31953.78 625.56426587
1520899200000 0.019463 0.019618 0.019041 0.019132 142742.33 1520985599999 2743.98416693 44955 80301.29 1544.02499173
1520985600000 0.019114 0.019946 0.018881 0.019559 196923.55 1521071999999 3805.26359795 55935 111134.84 2148.04364237
1521072000000 0.019559 0.0204 0.01935 0.0199 224733.46 1521158399999 4455.33716414 64879 131310.93 2604.117205
1521158400000 0.019881 0.0202 0.015 0.019882 187236.98 1521244799999 3700.63025868 46621 106972.73 2120.7624037
1521244800000 0.019896 0.020035 0.019304 0.019352 164663.68 1521331199999 3235.58297267 38650 98505.94 1936.17663395
1521331200000 0.019366 0.01975 0.0186 0.018765 191516.13 1521417599999 3645.65571483 56740 109905.97 2092.86697653
1521417600000 0.018765 0.019 0.0185 0.018759 140813.39 1521503999999 2631.80330741 43814 81813.29 1529.26673044
1521504000000 0.01876 0.019245 0.018572 0.018941 117936.88 1521590399999 2227.10516389 42323 63495.97 1198.89607179
1521590400000 0.018905 0.019242 0.018722 0.018944 112397.11 1521676799999 2141.85348502 37615 64282.47 1225.39209801
1521676800000 0.018944 0.01915 0.018685 0.018772 98997.3 1521763199999 1872.07173755 32700 55018.45 1040.38999615
1521763200000 0.018765 0.0191 0.0187 0.018989 93730.1 1521849599999 1766.65208059 33855 52025.8 980.98626326
1521849600000 0.01898 0.019008 0.01833 0.018622 96526.48 1521935999999 1795.47476267 35179 54247.63 1009.13270642
1521936000000 0.018622 0.019077 0.018497 0.018888 82198.16 1522022399999 1539.76906639 26734 44966.39 842.42448707
1522022400000 0.018888 0.019069 0.017844 0.018175 111681.35 1522108799999 2066.91026818 36427 57822.49 1071.1298497
1522108800000 0.01818 0.01824 0.017335 0.01734 113572.5 1522195199999 2013.78423458 38609 62207.3 1103.47268627
1522195200000 0.017344 0.017374 0.016453 0.016504 118357.75 1522281599999 2005.66955449 40100 67389.32 1142.56979182
1522281600000 0.016503 0.016652 0.015633 0.016156 145298.43 1522367999999 2350.20789078 50372 74244.96 1201.54319856
1522368000000 0.016156 0.017666 0.0161 0.017285 147128.05 1522454399999 2493.91873475 53944 77793.45 1318.72412993
1522454400000 0.017285 0.017493 0.016396 0.016758 102738.66 1522540799999 1756.09934289 31577 57357.08 980.31467681
1522540800000 0.016764 0.017125 0.0166 0.01686 88448.07 1522627199999 1487.92723138 26514 49494.72 832.85969322
1522627200000 0.016856 0.017153 0.016648 0.016869 89971.77 1522713599999 1527.00619547 26775 49308.73 837.02243968
1522713600000 0.016845 0.0183 0.01663 0.01808 124725.49 1522799999999 2159.22311422 46130 69767.11 1207.01543588
1522800000000 0.01808 0.018164 0.016884 0.017381 123228.31 1522886399999 2143.72487091 38421 68174.38 1185.89695108
1522886400000 0.017381 0.0179 0.017169 0.017504 102349.85 1522972799999 1792.87796674 32257 57465.37 1006.97574528
1522972800000 0.017488 0.017587 0.017031 0.017041 88566.95 1523059199999 1529.15330389 26948 46853.33 809.07436859
1523059200000 0.017045 0.01732 0.016711 0.016771 81295.16 1523145599999 1382.50902022 25034 47173.03 802.23057108
1523145600000 0.016795 0.016851 0.016608 0.016751 76505.39 1523231999999 1278.99796248 22869 45526.29 761.1984696
1523232000000 0.016752 0.017169 0.0167 0.016928 47969.26 1523318399999 813.91541748 24568 26708.27 453.18153824
1523318400000 0.016928 0.017007 0.016633 0.016694 45008.83 1523404799999 754.72573413 22464 22132.86 371.42687424
1523404800000 0.016694 0.01715 0.01644 0.017045 62312.82 1523491199999 1039.04119515 31798 30320.65 505.59441309
1523491200000 0.017055 0.017077 0.015651 0.016392 162719.49 1523577599999 2637.74165774 71754 78752.11 1276.75886433
1523577600000 0.016394 0.016399 0.015801 0.015904 149322.39 1523663999999 2406.04276603 51816 80832.06 1302.54609698
1523664000000 0.015896 0.015949 0.015704 0.015797 90872.97 1523750399999 1438.77059559 24655 51281.0 812.05371127
1523750400000 0.015793 0.016004 0.0157 0.015851 103437.33 1523836799999 1635.87170063 29745 50758.48 802.91119278
1523836800000 0.015851 0.016101 0.0157 0.015971 113849.64 1523923199999 1805.83701955 33670 59600.93 945.45913133
1523923200000 0.015986 0.017364 0.015959 0.016756 214238.42 1524009599999 3593.82273621 80570 113453.41 1903.68956281
1524009600000 0.01676 0.017313 0.01671 0.017171 138179.08 1524095999999 2349.65160178 47278 76877.54 1307.2508241
1524096000000 0.017171 0.017838 0.016907 0.017746 159153.91 1524182399999 2759.82103569 68942 90291.14 1565.28974909
1524182400000 0.017718 0.017989 0.017375 0.017561 150970.52 1524268799999 2669.82462981 62019 86268.73 1525.49927721
1524268800000 0.017564 0.017794 0.016319 0.01664 135670.34 1524355199999 2298.60898175 54080 74691.89 1265.44134672
1524355200000 0.016637 0.017031 0.016421 0.016663 108411.75 1524441599999 1815.39357926 37543 64680.95 1082.78150967
1524441600000 0.016665 0.017188 0.016602 0.01706 124276.72 1524527999999 2104.91330036 46888 66406.06 1124.96475197
1524528000000 0.017076 0.01776 0.016957 0.017098 209047.04 1524614399999 3633.12732967 83123 107866.9 1874.86465582
1524614400000 0.017098 0.01712 0.015915 0.016325 169214.82 1524700799999 2776.36663059 68176 89364.91 1466.47260016
1524700800000 0.016325 0.016733 0.016269 0.016565 142611.65 1524787199999 2353.61458955 40581 76014.44 1254.04712659
1524787200000 0.016551 0.01657 0.016129 0.016338 120340.59 1524873599999 1963.8692256 37558 69829.89 1139.9172709
1524873600000 0.016322 0.016365 0.0161 0.01626 123053.51 1524959999999 1998.80698276 36088 69028.79 1121.49014447
1524960000000 0.016252 0.016414 0.016094 0.016303 159333.63 1525046399999 2593.23559024 51226 81687.71 1329.75043765
1525046400000 0.016301 0.01642 0.015972 0.016066 159742.62 1525132799999 2592.77676572 45353 84016.58 1364.00581652
1525132800000 0.016042 0.016344 0.015964 0.016328 138416.09 1525219199999 2238.90972326 38445 76627.26 1239.5661031
1525219200000 0.016302 0.016662 0.016143 0.016399 155980.93 1525305599999 2549.42787277 56763 85335.4 1394.66156873
1525305600000 0.016399 0.01729 0.016367 0.016537 282419.69 1525391999999 4723.84129808 107870 140024.12 2341.13250418
1525392000000 0.016556 0.017623 0.016273 0.017422 247739.65 1525478399999 4187.15697963 75203 125675.4 2122.31689705
1525478400000 0.017433 0.018519 0.017273 0.01817 335778.4 1525564799999 6009.06974959 108980 163005.62 2914.88745033
1525564800000 0.01815 0.018601 0.017433 0.017835 213431.88 1525651199999 3827.77082242 60527 117151.81 2100.84696543
1525651200000 0.017847 0.01788 0.017082 0.01755 150625.45 1525737599999 2640.23521473 46848 76765.28 1344.83871402
1525737600000 0.01755 0.017851 0.017149 0.017308 156069.51 1525823999999 2723.54650682 45900 95338.68 1662.93846831
1525824000000 0.017311 0.017396 0.016775 0.016839 150765.87 1525910399999 2560.41828891 45682 82469.4 1401.07710893
1525910400000 0.016818 0.0172 0.016378 0.016435 156403.16 1525996799999 2635.17671792 52385 89739.12 1512.67377182
1525996800000 0.016403 0.016607 0.016229 0.016502 26172.45 1526083199999 430.56960623 8967 13361.87 219.8335219
