1517529600000 0.002 0.002945 0.0007564 0.0019087 1327918.25 1517615999999 2910.99073165 39114 732380.69 1618.43661952
1517616000000 0.0019088 0.0019597 0.0016773 0.0017924 1096364.41 1517702399999 1980.91478888 44703 523168.11 945.71034877
1517702400000 0.001792 0.0018014 0.0014 0.0015445 976128.56 1517788799999 1549.7937339 32542 430192.54 682.8900667
1517788800000 0.0015394 0.001589 0.0011 0.001295 2372195.94 1517875199999 3003.36718404 47385 1051952.76 1327.63410323
1517875200000 0.0012944 0.00148 0.00107 0.0014038 2674778.63 1517961599999 3326.65554555 55782 1282663.05 1610.57418006
1517961600000 0.0014 0.0015499 0.00127 0.0013238 1674235.23 1518047999999 2367.58765126 47125 805947.73 1143.71582708
1518048000000 0.0013238 0.00139 0.0013217 0.0013788 35440.21 1518134399999 48.32412448 870 19228.19 26.27883244
1518134400000 0.001376 0.00138 0.0010612 0.0012127 1762661.38 1518220799999 2124.65089806 37613 771036.42 927.74710502
1518220800000 0.0012127 0.00124 0.001 0.0011051 4342173.35 1518307199999 4876.14456312 91780 2041748.63 2299.48835379
1518307200000 0.0011049 0.00113 0.0010131 0.0010275 1540402.9 1518393599999 1640.44668439 38297 697923.69 744.8038924
1518393600000 0.0010275 0.0011916 0.0010135 0.0010972 2486047.74 1518479999999 2707.2688045 53287 1233429.92 1345.57771167
1518480000000 0.0010973 0.0011246 0.0010326 0.0010445 1696719.85 1518566399999 1823.4303993 31216 800868.46 861.99550696
1518566400000 0.0010444 0.0010557 0.000901 0.000943 2598256.08 1518652799999 2573.15863681 49124 1179261.61 1166.97899045
1518652800000 0.0009431 0.0009851 0.0008232 0.0009266 4438225.24 1518739199999 3940.99784186 76494 2062977.93 1833.41991625
1518739200000 0.0009276 0.0009987 0.0008702 0.0009456 3719250.74 1518825599999 3522.3061701 76209 1766306.26 1675.99838707
1518825600000 0.0009462 0.0009469 0.0008478 0.00085 1999349.51 1518911999999 1810.55930789 33894 878872.48 796.71624421
1518912000000 0.00085 0.000878 0.0008227 0.0008266 1702087.91 1518998399999 1442.1262407 26769 788352.91 668.48473402
1518998400000 0.0008259 0.0008519 0.0007583 0.0007682 2425118.87 1519084799999 1949.00375794 38731 1090774.85 877.47147977
1519084800000 0.0007684 0.0007732 0.0006012 0.0006164 3779856.05 1519171199999 2595.63695754 55647 1732227.47 1190.38633613
1519171200000 0.0006163 0.0007645 0.0006034 0.0007561 4675967.23 1519257599999 3292.45776869 75386 2300493.97 1617.54760305
1519257600000 0.0007581 0.000964 0.0007423 0.0009446 13638557.1 1519343999999 11864.2613583 208238 6579493.06 5730.78204562
1519344000000 0.0009449 0.0013305 0.0009363 0.001278 16382803.01 1519430399999 18611.107305 311210 8195160.35 9313.04120261
1519430400000 0.0012784 0.0016962 0.0012127 0.001456 23044777.8 1519516799999 33227.29639256 438515 11307711.13 16319.39671375
1519516800000 0.001456 0.0015214 0.001131 0.0012914 10535133.76 1519603199999 13472.01828255 215080 4958237.49 6355.74468467
1519603200000 0.001291 0.0014365 0.001185 0.0013469 9026248.64 1519689599999 11876.7543829 180582 4433623.28 5846.45282022
1519689600000 0.0013464 0.001538 0.0013256 0.0014497 8492217.76 1519775999999 12201.49296087 163553 4178272.18 6007.284823
1519776000000 0.0014497 0.0014498 0.001282 0.0014078 6009667.98 1519862399999 8237.96647551 127770 2882333.6 3951.82045418
1519862400000 0.0014055 0.00159 0.00139 0.0015662 7683850.83 1519948799999 11624.01150257 141390 3947942.04 5974.76109771
1519948800000 0.0015649 0.0015849 0.001445 0.0014689 3815717.66 1520035199999 5724.94389118 88926 1768398.09 2653.750722
1520035200000 0.0014689 0.001472 0.001261 0.001301 3973357.37 1520121599999 5372.80109471 96106 1830235.58 2475.5547748
1520121600000 0.0013009 0.0014239 0.0012835 0.001296 2729867.73 1520207999999 3660.22525375 59348 1313874.48 1763.56839371
1520208000000 0.0012956 0.001369 0.001254 0.0012692 2450678.14 1520294399999 3216.38777247 51761 1095663.02 1439.13344888
1520294400000 0.0012704 0.001282 0.00118 0.0012464 2968302.28 1520380799999 3641.96037141 58730 1371702.89 1685.34938417
1520380800000 0.0012466 0.001295 0.0011453 0.0012062 3441597.68 1520467199999 4192.64560375 70428 1573700.17 1918.88760585
1520467200000 0.0012062 0.0012067 0.001051 0.0010552 2533198.97 1520553599999 2907.75949544 49208 1144210.86 1315.83986852
1520553600000 0.0010556 0.0012851 0.001008 0.0012584 4137757.64 1520639999999 4674.12146268 86008 2050961.55 2324.40291295
1520640000000 0.0012583 0.001375 0.001189 0.0012334 4817042.55 1520726399999 6192.13004048 105905 2376340.8 3061.79312805
1520726400000 0.0012334 0.0012907 0.0011876 0.0012112 3142876.25 1520812799999 3903.58386507 71245 1417188.51 1763.1038493
1520812800000 0.0012116 0.0012372 0.0011473 0.0011722 2265897.5 1520899199999 2687.91471792 55413 1050933.16 1246.90710447
1520899200000 0.001172 0.0012219 0.00112 0.0011884 2499882.87 1520985599999 2929.13469906 51996 1174637.42 1377.24882303
1520985600000 0.0011885 0.0012006 0.0010723 0.0011153 2467827.54 1521071999999 2837.15909295 45599 1136411.55 1307.7140346
1521072000000 0.0011155 0.001136 0.00104 0.0010614 2187604.76 1521158399999 2365.2820156 38866 1016675.86 1100.73448648
1521158400000 0.0010606 0.0011172 0.00102 0.0010646 1910113.28 1521244799999 2059.59668621 32484 919941.53 993.20864034
1521244800000 0.0010656 0.001089 0.000985 0.0009902 1800468.65 1521331199999 1880.58825359 22958 840328.65 878.85915963
1521331200000 0.0009888 0.001088 0.0007913 0.00101 4605945.05 1521417599999 4224.01128143 244866 2164259.49 1989.92057291
1521417600000 0.00101 0.00106 0.0009212 0.0009691 3308530.87 1521503999999 3204.64673588 143147 1550696.85 1502.46545813
1521504000000 0.0009684 0.0010774 0.0009374 0.0010258 3126919.36 1521590399999 3077.7157155 47300 1512248.62 1492.02797082
1521590400000 0.0010267 0.001073 0.0009435 0.0009704 3444988.52 1521676799999 3468.94760417 58061 1625147.6 1637.85565523
1521676800000 0.0009701 0.0009863 0.0008919 0.0009493 2987445.42 1521763199999 2807.29698344 45566 1358501.64 1277.23787712
1521763200000 0.0009479 0.0009636 0.00088 0.00092 3348347.63 1521849599999 3042.69587346 49338 1530495.25 1391.62787758
1521849600000 0.0009188 0.0009429 0.0008856 0.0008967 2571898.42 1521935999999 2324.01354339 37053 1152403.89 1041.55067853
1521936000000 0.0008945 0.0009147 0.0008844 0.000896 1668658.94 1522022399999 1498.22249997 20750 761338.35 684.14379354
1522022400000 0.0008959 0.0009042 0.0008081 0.000852 2265368.62 1522108799999 1934.73416487 31253 1045761.27 893.09615671
1522108800000 0.0008522 0.0008723 0.0008076 0.000838 2192596.95 1522195199999 1829.82916533 29970 1059770.74 885.581471
1522195200000 0.0008364 0.000858 0.0008238 0.0008302 1596523.76 1522281599999 1339.81464829 20143 723334.14 607.59154465
1522281600000 0.0008302 0.0008425 0.000765 0.0007751 1401889.69 1522367999999 1123.69848901 27286 576671.95 462.99815809
1522368000000 0.000775 0.0007944 0.00074 0.0007598 1395943.26 1522454399999 1064.33165081 28478 656388.63 501.15204199
1522454400000 0.0007597 0.0008339 0.0007573 0.0008195 1985349.63 1522540799999 1586.28601491 40438 912995.78 730.520828
1522540800000 0.0008195 0.0008288 0.0007501 0.0007631 1151974.68 1522627199999 897.679488 25785 472822.84 369.06784438
1522627200000 0.0007618 0.0007777 0.0007481 0.0007619 747499.66 1522713599999 568.87253381 17061 323211.32 246.36352361
1522713600000 0.0007619 0.000824 0.0007536 0.0008097 1332691.47 1522799999999 1054.1624412 25428 620856.91 491.26010764
1522800000000 0.0008098 0.0008341 0.000748 0.0007537 1464416.96 1522886399999 1142.14939818 26676 615311.88 481.69693303
1522886400000 0.0007537 0.00077 0.0007416 0.0007548 883244.78 1522972799999 667.66342102 16494 385405.67 291.86235264
1522972800000 0.0007567 0.000793 0.0007422 0.000759 1144332.01 1523059199999 875.40195798 21960 521205.89 399.12491597
1523059200000 0.000759 0.0007833 0.0007321 0.0007373 1040368.62 1523145599999 786.3850486 20710 435475.5 329.95879687
1523145600000 0.0007379 0.0007567 0.00072 0.000724 854116.05 1523231999999 631.75835125 18670 409930.08 303.84878897
1523232000000 0.0007246 0.0007428 0.000703 0.0007188 1581351.57 1523318399999 1137.6306879 30200 726257.49 522.85709137
1523318400000 0.0007189 0.000724 0.0007018 0.0007131 942700.01 1523404799999 670.28261603 16617 438967.99 312.26602014
1523404800000 0.0007129 0.0007895 0.0007067 0.0007589 2364807.14 1523491199999 1757.33904797 37078 1194511.76 889.24078968
1523491200000 0.0007588 0.0007611 0.00068 0.000739 1854710.04 1523577599999 1354.93077487 40261 832308.71 609.84269178
1523577600000 0.000739 0.000892 0.0007185 0.0007319 5863045.53 1523663999999 4723.92628689 102511 2649453.19 2146.86266895
1523664000000 0.0007332 0.0007811 0.0007253 0.000739 1898919.94 1523750399999 1425.91594964 35966 879220.27 661.43992845
1523750400000 0.000739 0.0007777 0.000727 0.000771 1550834.11 1523836799999 1165.63773635 26511 783650.68 589.96862873
1523836800000 0.0007729 0.000783 0.000725 0.0007477 1466653.35 1523923199999 1095.86767926 28726 637904.66 477.637126
1523923200000 0.0007477 0.000778 0.0007331 0.0007564 1830837.88 1524009599999 1381.97525369 32547 826465.86 625.26750584
1524009600000 0.0007564 0.0008347 0.0007548 0.000774 3382046.52 1524095999999 2693.37090662 64275 1533035.93 1223.61147161
1524096000000 0.0007739 0.0008799 0.0007715 0.0008737 3238275.22 1524182399999 2674.36629801 64552 1621845.76 1344.38720252
1524182400000 0.0008748 0.0008769 0.0008201 0.0008373 2113690.87 1524268799999 1783.59477069 50238 1005175.42 848.59169967
1524268800000 0.000837 0.0008788 0.00078 0.0008124 1800596.5 1524355199999 1489.12988997 35175 805313.9 667.68875812
1524355200000 0.0008124 0.0008495 0.0008075 0.00081 967030.18 1524441599999 797.91055438 23967 433603.79 358.11617527
1524441600000 0.00081 0.000865 0.0008075 0.0008585 1177476.3 1524527999999 987.63532573 28097 616351.09 517.67439008
1524528000000 0.0008576 0.0008915 0.0008353 0.0008418 2147504.66 1524614399999 1863.51492749 48739 1010579.94 878.98390018
1524614400000 0.0008423 0.00085 0.000751 0.0007797 1841579.94 1524700799999 1468.75289755 36948 774353.15 617.56512805
1524700800000 0.0007797 0.0008225 0.000762 0.0008086 1506237.58 1524787199999 1200.47500855 33096 718816.32 573.71208499
1524787200000 0.0008088 0.0008175 0.0007582 0.0007804 1844403.23 1524873599999 1459.67990501 39141 811607.32 643.15327328
1524873600000 0.0007819 0.000817 0.00077 0.0008038 1835667.69 1524959999999 1455.3037441 34576 842424.0 669.30630534
1524960000000 0.0008038 0.0008819 0.0007932 0.000878 3713579.9 1525046399999 3104.34852242 65786 1849145.02 1549.2552076
1525046400000 0.000878 0.0009675 0.000862 0.0009095 6137087.64 1525132799999 5623.81728291 103361 2965704.5 2719.42731944
1525132800000 0.0009095 0.0009256 0.00085 0.0008956 2487720.38 1525219199999 2205.83147456 53395 1097301.11 974.40772827
1525219200000 0.0008956 0.0009395 0.00088 0.0009272 1848618.56 1525305599999 1669.85540275 43454 891653.64 806.54376328
1525305600000 0.000927 0.0010555 0.0008981 0.001005 8706822.05 1525391999999 8711.75547869 149695 4373617.8 4377.78421412
1525392000000 0.001005 0.001103 0.0009464 0.0009626 6603131.44 1525478399999 6722.85424137 161160 3108821.16 3176.40347361
1525478400000 0.0009628 0.000964 0.0009 0.0009193 3312635.18 1525564799999 3079.35004647 96694 1455455.86 1354.58107683
1525564800000 0.0009193 0.0009234 0.0008592 0.0009116 2621445.06 1525651199999 2327.99897558 100709 1196421.36 1062.68053204
1525651200000 0.0009115 0.000916 0.000857 0.0008838 1659833.7 1525737599999 1456.49082567 80801 764218.17 670.73451951
1525737600000 0.0008839 0.000918 0.0008504 0.000863 2157848.8 1525823999999 1892.97768065 88874 925526.0 813.63570057
1525824000000 0.0008631 0.0008639 0.0008113 0.0008319 2310145.87 1525910399999 1928.73117009 88536 1043316.01 871.04843053
1525910400000 0.000832 0.0008492 0.0007761 0.0007771 2892318.59 1525996799999 2364.08052231 125047 1308625.88 1070.90058922
1525996800000 0.0007771 0.0008002 0.000771 0.0007914 235967.91 1526083199999 185.37207146 8273 93427.61 73.57442188
