1517529600000 0.0201 0.029987 0.017646 0.018412 448361.6 1517615999999 9507.95051208 20707 191506.76 4122.56128427
1517616000000 0.018488 0.0189 0.016003 0.017009 410642.17 1517702399999 7033.81514356 27801 179388.02 3076.61465373
1517702400000 0.017005 0.017199 0.014253 0.015317 312408.58 1517788799999 4851.37392336 18580 135269.25 2104.01459332
1517788800000 0.0153 0.0158 0.0113 0.012848 772987.83 1517875199999 9798.4863955 29616 378631.99 4727.34743542
1517875200000 0.012848 0.01455 0.011197 0.013749 738327.0 1517961599999 9258.34177935 30549 321921.29 4037.11938895
1517961600000 0.013749 0.015566 0.013 0.01335 470774.91 1518047999999 6642.71801846 23977 193964.32 2740.75410175
1518048000000 0.01327 0.013896 0.013239 0.013821 6609.89 1518134399999 89.9249872 271 1891.11 25.51087419
1518134400000 0.013706 0.0144 0.010502 0.012 451753.1 1518220799999 5421.58415981 16858 194720.82 2333.76363522
1518220800000 0.012 0.0123 0.0101 0.011065 1290800.85 1518307199999 14462.15851915 47445 527459.11 5912.02796783
1518307200000 0.011065 0.011382 0.01013 0.01022 452120.33 1518393599999 4817.59128777 20676 191548.62 2042.17772359
1518393600000 0.010221 0.011948 0.010179 0.011285 486989.23 1518479999999 5390.63861035 23317 237804.61 2641.56717709
1518480000000 0.011299 0.01154 0.010511 0.010598 286841.56 1518566399999 3145.18693059 13935 117078.62 1280.44098479
1518566400000 0.010598 0.010795 0.009265 0.009729 476520.29 1518652799999 4799.15562277 19416 208271.7 2104.9704777
1518652800000 0.009729 0.010277 0.00868 0.010038 882569.77 1518739199999 8294.27170028 34154 357785.06 3371.21182151
1518739200000 0.010057 0.010854 0.009301 0.010238 712877.25 1518825599999 7276.91447436 29090 334910.34 3423.41459866
1518825600000 0.010238 0.010408 0.009634 0.009676 332232.58 1518911999999 3335.77583134 13964 132801.17 1336.9071324
1518912000000 0.00967 0.009999 0.009359 0.009412 283281.75 1518998399999 2735.24347717 11001 124880.67 1210.07539505
1518998400000 0.009415 0.0097 0.008855 0.009122 368856.36 1519084799999 3422.81747618 14134 143835.72 1338.81177731
1519084800000 0.009126 0.009222 0.007661 0.00782 734660.17 1519171199999 6241.614924 24575 284217.23 2420.86090216
1519171200000 0.007772 0.009748 0.007626 0.009431 833410.14 1519257599999 7311.18819308 28701 411328.69 3623.27701716
1519257600000 0.009474 0.01209 0.009288 0.011586 1762329.86 1519343999999 19028.77037829 64530 900713.83 9728.46814825
1519344000000 0.011588 0.01588 0.01131 0.0152 2590655.45 1519430399999 34936.497018 105355 1259268.16 16987.2199206
1519430400000 0.015246 0.0199 0.0142 0.016917 3732775.24 1519516799999 63721.79142156 163019 1820613.24 31216.26857437
1519516800000 0.016917 0.017669 0.01295 0.014682 1574583.79 1519603199999 23154.75817711 69329 700133.2 10302.88872614
1519603200000 0.014682 0.016998 0.0134 0.016007 1363313.59 1519689599999 20905.49377879 64053 671971.73 10336.18920952
1519689600000 0.016006 0.018679 0.0156 0.017635 1364571.3 1519775999999 23526.77601228 59798 708652.22 12208.80222776
1519776000000 0.017634 0.017758 0.015526 0.017096 909429.49 1519862399999 15243.31329174 47489 428129.93 7190.54109293
1519862400000 0.016994 0.019969 0.016722 0.01965 1083310.98 1519948799999 20213.24791106 50286 548438.1 10246.11014388
1519948800000 0.019651 0.019941 0.01836 0.018905 631380.59 1520035199999 12045.26167688 36288 288257.9 5509.36363891
1520035200000 0.018905 0.019006 0.016869 0.01744 650247.32 1520121599999 11577.04822484 37990 262610.7 4690.70760161
1520121600000 0.017424 0.01855 0.01692 0.01723 341259.49 1520207999999 6015.9896364 18350 172341.8 3046.16394593
1520208000000 0.017221 0.0181 0.01709 0.017211 273739.34 1520294399999 4795.02713994 15671 138646.21 2435.58214875
1520294400000 0.017239 0.01727 0.0155 0.016456 462341.5 1520380799999 7500.06780216 22165 188699.3 3056.49683483
1520380800000 0.016456 0.01725 0.015018 0.015939 551395.89 1520467199999 8924.85732492 26607 241226.66 3915.76426891
1520467200000 0.015939 0.0161 0.01406 0.01406 311452.14 1520553599999 4695.98016389 18793 140413.38 2116.70083086
1520553600000 0.014082 0.01675 0.013218 0.016079 604468.9 1520639999999 8895.88179268 29868 271591.01 4015.51080602
1520640000000 0.016079 0.01768 0.015275 0.015902 585322.99 1520726399999 9567.49695985 33128 274067.05 4485.85863437
1520726400000 0.015906 0.0166 0.0153 0.015967 399960.12 1520812799999 6403.71863835 23002 178783.54 2872.30287342
1520812800000 0.015992 0.016416 0.015025 0.015339 246848.21 1520899199999 3873.12809603 14726 107815.61 1694.92242246
1520899200000 0.01535 0.01618 0.014742 0.015725 269568.18 1520985599999 4178.54717504 15363 146520.33 2278.90857546
1520985600000 0.01573 0.01585 0.01451 0.014982 296003.66 1521071999999 4511.2187789 16102 109156.26 1665.42009528
1521072000000 0.014982 0.015222 0.014 0.014333 293946.18 1521158399999 4286.86413529 14261 120431.46 1761.01625934
1521158400000 0.014373 0.015449 0.013953 0.014701 264500.94 1521244799999 3899.17677011 11832 120235.46 1773.69401443
1521244800000 0.014711 0.014799 0.014003 0.014173 180887.01 1521331199999 2606.96075127 8327 73070.65 1055.23064904
1521331200000 0.014168 0.015852 0.012617 0.015475 731975.21 1521417599999 10177.50456165 82525 346776.06 4865.95181946
1521417600000 0.015472 0.015949 0.01425 0.014946 482381.97 1521503999999 7212.5069946 54769 222362.96 3331.88596627
1521504000000 0.015017 0.0171 0.014844 0.0164 446933.37 1521590399999 6982.30531787 19922 245543.82 3854.90438066
1521590400000 0.016419 0.017198 0.015181 0.015424 476156.22 1521676799999 7576.75147287 23201 193115.87 3083.7935733
1521676800000 0.015421 0.015645 0.0146 0.015337 447098.86 1521763199999 6761.46488511 16587 150360.67 2285.45991119
1521763200000 0.015337 0.015777 0.014159 0.015066 440762.61 1521849599999 6547.77622637 17956 205874.11 3072.74296769
1521849600000 0.01506 0.0156 0.014503 0.014678 329649.42 1521935999999 4922.53577606 13687 129332.39 1938.15074277
1521936000000 0.014699 0.014877 0.0143 0.014485 165416.32 1522022399999 2423.45776883 7433 62785.97 921.96979773
1522022400000 0.014471 0.014665 0.013491 0.014321 315171.18 1522108799999 4431.05387666 12729 125253.01 1767.97970443
1522108800000 0.014316 0.015005 0.01366 0.014557 340539.62 1522195199999 4906.28396037 12661 149652.1 2165.92957644
1522195200000 0.014557 0.015025 0.01442 0.014822 186621.39 1522281599999 2749.40583903 9079 94585.26 1394.77884602
1522281600000 0.014821 0.014893 0.014105 0.014334 277642.11 1522367999999 4041.94244221 12564 120749.71 1760.26860581
1522368000000 0.014335 0.014426 0.013232 0.013233 454622.94 1522454399999 6235.36440266 16252 219598.31 3014.86299266
1522454400000 0.013233 0.01473 0.01305 0.014357 338262.38 1522540799999 4711.52610995 14745 174198.01 2435.41014884
1522540800000 0.014366 0.014598 0.0135 0.013728 225023.57 1522627199999 3141.40075596 11780 106956.81 1501.79673637
1522627200000 0.013719 0.014061 0.01351 0.013994 140500.42 1522713599999 1939.08744302 9426 66445.42 919.81507501
1522713600000 0.013955 0.01487 0.013855 0.01447 225772.8 1522799999999 3248.28532331 11107 122409.3 1765.20308737
1522800000000 0.014512 0.0149 0.01351 0.013563 251346.48 1522886399999 3545.13056381 12476 86392.8 1226.70347859
1522886400000 0.013562 0.013794 0.013175 0.013449 175197.44 1522972799999 2364.8588693 7436 62500.93 844.19752943
1522972800000 0.013449 0.0142 0.013329 0.013559 170919.3 1523059199999 2338.22005772 7424 80397.63 1100.55286081
1523059200000 0.013559 0.01405 0.013125 0.013246 168181.48 1523145599999 2280.27799932 8381 73758.74 1004.93585382
1523145600000 0.013199 0.013413 0.01263 0.012722 146543.5 1523231999999 1914.61288362 6941 42305.9 553.32499305
1523232000000 0.012716 0.012724 0.01186 0.01222 247209.43 1523318399999 3041.796466 9945 100186.34 1232.96510385
1523318400000 0.012221 0.012325 0.011671 0.011753 128599.89 1523404799999 1538.36795662 6082 57125.68 682.07305027
1523404800000 0.011747 0.012953 0.01157 0.012207 265724.44 1523491199999 3248.75894846 9261 126328.0 1542.22999801
1523491200000 0.012202 0.012281 0.011013 0.011853 267553.08 1523577599999 3183.90146829 10805 111336.51 1327.15037769
1523577600000 0.011853 0.01395 0.01155 0.0117 719756.85 1523663999999 9224.16221434 27578 314310.48 4032.98098094
1523664000000 0.011708 0.012416 0.01168 0.011757 247200.02 1523750399999 2967.42091462 12051 102906.61 1234.97506875
1523750400000 0.011757 0.012315 0.011573 0.012118 161802.13 1523836799999 1926.24705239 6888 78824.53 940.29032386
1523836800000 0.012088 0.012259 0.011462 0.011789 200761.91 1523923199999 2365.35380223 7885 88671.43 1046.36994808
1523923200000 0.011787 0.01219 0.01156 0.011838 225210.02 1524009599999 2666.17517638 8458 91500.72 1085.46887654
1524009600000 0.011872 0.0131 0.011815 0.012029 332255.55 1524095999999 4149.37343043 17739 161714.97 2020.4860845
1524096000000 0.012029 0.013037 0.011944 0.012743 341034.95 1524182399999 4250.05040704 13464 144606.54 1809.66377071
1524182400000 0.012749 0.012851 0.011811 0.011984 249349.12 1524268799999 3040.70681365 9976 110792.63 1352.47222083
1524268800000 0.012009 0.01267 0.01155 0.011937 208052.01 1524355199999 2515.27235804 7551 86113.26 1045.92581707
1524355200000 0.011944 0.012258 0.011342 0.011457 139103.29 1524441599999 1633.47145483 5819 60656.47 714.6747712
1524441600000 0.011452 0.01206 0.01141 0.011868 166998.73 1524527999999 1948.26055704 6119 75806.06 886.58210458
1524528000000 0.011872 0.012241 0.011251 0.011576 245750.68 1524614399999 2881.59506977 9766 116744.05 1370.66679968
1524614400000 0.01154 0.0119 0.011001 0.011202 259871.24 1524700799999 2960.29349973 11027 116886.74 1336.08864562
1524700800000 0.011195 0.011522 0.0109 0.011326 212740.11 1524787199999 2391.37720224 8665 87668.21 989.32285131
1524787200000 0.011326 0.011364 0.010525 0.010836 297063.77 1524873599999 3234.7036344 9215 158405.96 1717.31440063
1524873600000 0.010835 0.011188 0.0105 0.010976 229873.19 1524959999999 2474.96750859 8297 120995.68 1300.04614385
1524960000000 0.011001 0.012 0.010808 0.011975 363677.27 1525046399999 4154.23120572 13743 165104.26 1890.71569835
1525046400000 0.011976 0.013351 0.011757 0.01256 730067.5 1525132799999 9146.13234356 22473 352672.85 4433.00880123
1525132800000 0.01256 0.012569 0.011924 0.012063 308305.08 1525219199999 3745.1913242 12500 162986.16 1978.98256631
1525219200000 0.012077 0.012591 0.01183 0.012467 207414.28 1525305599999 2513.08192932 8285 108962.07 1321.59485038
1525305600000 0.012431 0.013395 0.011535 0.012574 1032825.58 1525391999999 13141.37659267 29455 497621.26 6337.26447732
1525392000000 0.012572 0.013699 0.0116 0.011907 1161094.01 1525478399999 14610.13994553 35975 553939.81 6966.04095843
1525478400000 0.011907 0.011907 0.01081 0.011064 481954.74 1525564799999 5457.42462778 33650 234921.34 2657.66763088
1525564800000 0.011063 0.011177 0.01031 0.011073 307628.46 1525651199999 3310.86444035 37742 152724.74 1646.48169069
1525651200000 0.011073 0.011382 0.0106 0.010977 231755.51 1525737599999 2557.21834008 36376 111924.37 1235.90382262
1525737600000 0.010982 0.01128 0.010458 0.010561 225993.21 1525823999999 2457.92889221 29641 99799.03 1085.33543583
1525824000000 0.010589 0.010713 0.01 0.010303 253363.1 1525910399999 2629.37603651 30774 114913.21 1194.30676735
1525910400000 0.010303 0.01041 0.009643 0.009652 316986.28 1525996799999 3180.48812383 33055 142393.44 1429.28064894
1525996800000 0.009692 0.009831 0.00954 0.009632 36981.75 1526083199999 357.54244494 4213 16171.61 156.52281409
