1499990400000 0.00375 0.00375 0.002357 0.002499 112991.6 1500076799999 281.08244633 1643 73474.85 181.60204592
1500076800000 0.002536 0.002616 0.002406 0.002514 197680.31 1500163199999 496.2784928 4028 107334.3 270.40184527
1500163200000 0.002512 0.00265 0.00245 0.002638 163064.45 1500249599999 419.41072752 3302 105633.69 271.69305964
1500249600000 0.002638 0.002743 0.002591 0.002666 154181.47 1500335999999 410.05467232 3185 96690.49 257.13178635
1500336000000 0.002669 0.002731 0.002563 0.002643 162311.49 1500422399999 426.73412821 3350 100907.27 265.21926709
1500422400000 0.002646 0.002669 0.002557 0.00258 149914.63 1500508799999 392.55979038 3306 95060.71 248.87960979
1500508800000 0.00258 0.002738 0.002565 0.002578 168265.98 1500595199999 444.20852036 3458 107847.15 284.79198276
1500595200000 0.002576 0.002849 0.002571 0.002762 203371.39 1500681599999 554.81346148 4304 124198.25 338.8279305
1500681600000 0.002758 0.003458 0.002712 0.003124 235946.57 1500767999999 690.57980351 4905 147658.82 431.71927637
1500768000000 0.003124 0.003339 0.002947 0.003261 520668.69 1500854399999 1671.01954458 9252 328136.84 1052.52380735
1500854400000 0.003266 0.003269 0.002968 0.003104 628022.34 1500940799999 1973.82312957 9827 382347.74 1201.61528877
1500940800000 0.003105 0.003118 0.002712 0.002892 404330.64 1501027199999 1166.93705926 5303 237150.93 684.82551359
1501027200000 0.002867 0.002948 0.002682 0.00284 444323.96 1501113599999 1237.92865635 5359 258774.29 720.81574149
1501113600000 0.002838 0.003108 0.002778 0.002908 636063.36 1501199999999 1843.64163836 7240 358225.52 1037.81014614
1501200000000 0.002912 0.002963 0.002401 0.002523 623308.13 1501286399999 1662.36525171 7668 340011.91 908.09051742
1501286400000 0.002521 0.002759 0.002486 0.002663 591712.96 1501372799999 1519.65098221 7809 309919.7 795.53707054
1501372800000 0.002661 0.002723 0.002598 0.002612 643992.82 1501459199999 1710.48422236 8178 333348.93 885.0213668
1501459200000 0.002611 0.002683 0.002497 0.002558 617938.69 1501545599999 1610.39174014 8189 311058.99 810.42125504
1501545600000 0.00256 0.003074 0.002526 0.002923 617436.51 1501631999999 1715.80363463 8449 340256.52 945.98450694
1501632000000 0.002914 0.00308 0.002865 0.003039 607856.75 1501718399999 1825.62807604 8219 327412.23 983.39978377
1501718400000 0.003038 0.00388 0.002916 0.003863 596852.19 1501804799999 2014.98119985 8233 290776.39 980.46961077
1501804800000 0.003863 0.004142 0.003541 0.003671 855364.22 1501891199999 3228.3219428 12171 421832.5 1592.06818092
1501891200000 0.00367 0.004802 0.00347 0.004324 845891.42 1501977599999 3252.46469444 12352 402410.43 1550.89017888
1501977600000 0.004323 0.004984 0.004184 0.004821 845240.38 1502063999999 3840.70209454 12273 475517.27 2163.30866889
1502064000000 0.004819 0.006521 0.004408 0.00573 1148757.13 1502150399999 6309.50538646 17376 598468.06 3274.99450971
1502150400000 0.00573 0.005899 0.00445 0.005331 1309011.68 1502236799999 6858.24963185 18726 657127.74 3437.59368307
1502236800000 0.005333 0.006694 0.004848 0.006547 1091662.17 1502323199999 6154.42282162 17362 545508.41 3076.03015186
1502323200000 0.0065 0.0113 0.005887 0.010499 1445247.3 1502409599999 11302.56439846 24119 759881.5 6010.67885409
1502409600000 0.010495 0.011749 0.00775 0.009348 1458843.71 1502495999999 14228.62780361 25267 728222.88 7106.40659248
1502496000000 0.009418 0.0101 0.0081 0.009666 1134093.09 1502582399999 10139.25512838 21122 588317.37 5261.88786396
1502582400000 0.009666 0.013816 0.008867 0.011704 1383750.04 1502668799999 15297.32473891 25586 705831.75 7808.3742833
1502668800000 0.011704 0.0133 0.01037 0.01106 1330457.0 1502755199999 15607.24408652 25550 686462.72 8045.85728391
1502755200000 0.011078 0.011724 0.009078 0.011517 1218113.27 1502841599999 12965.56863636 25665 639679.56 6813.43592574
1502841600000 0.011516 0.012559 0.010345 0.010356 613686.51 1502927999999 7007.12412881 21667 331733.88 3787.97255773
1502928000000 0.010356 0.010769 0.008501 0.009443 608857.65 1503014399999 5784.28283842 21124 319631.73 3044.33834135
1503014400000 0.009436 0.010296 0.007568 0.009575 1347893.17 1503100799999 11745.05064083 26666 672382.45 5862.48810329
1503100800000 0.009571 0.01039 0.008604 0.009578 1287808.92 1503187199999 12110.42344847 25247 649125.95 6102.95687391
1503187200000 0.009588 0.009997 0.00917 0.009298 948118.67 1503273599999 9059.28589796 20945 508117.75 4855.42541692
1503273600000 0.00931 0.0094 0.008423 0.008848 597352.89 1503359999999 5320.70588489 20307 347826.37 3097.20200057
1503360000000 0.008848 0.0092 0.008603 0.008865 398062.89 1503446399999 3540.10614829 17177 206251.78 1834.89680732
1503446400000 0.00888 0.010746 0.0087 0.009704 556178.57 1503532799999 5378.66349539 22980 275215.08 2655.69197708
1503532800000 0.009704 0.010258 0.00945 0.009817 373706.21 1503619199999 3654.33333882 18571 189122.3 1851.10514361
1503619200000 0.009821 0.009892 0.009022 0.009271 235949.52 1503705599999 2233.78704342 14236 108692.19 1029.44845145
1503705600000 0.009272 0.00934 0.0087 0.008922 198579.28 1503791999999 1791.23316549 12440 90590.27 817.48509605
1503792000000 0.008941 0.009554 0.0085 0.009205 232364.43 1503878399999 2047.36485714 13140 113095.02 998.72151859
1503878400000 0.009162 0.009339 0.008639 0.008819 191710.26 1503964799999 1699.56551975 11977 88103.46 781.22340684
1503964800000 0.008795 0.008864 0.006262 0.007326 629941.77 1504051199999 4828.23226983 21519 300364.86 2295.99394777
1504051200000 0.007327 0.007895 0.006577 0.00729 338359.58 1504137599999 2453.67672317 16486 165871.05 1203.65417978
1504137600000 0.007291 0.00768 0.00687 0.007062 227581.45 1504223999999 1648.32437107 12861 107870.28 781.45406284
1504224000000 0.007062 0.007161 0.005701 0.006484 285788.98 1504310399999 1866.06976493 15470 133857.4 873.12554449
1504310400000 0.006421 0.00744 0.005897 0.006943 387266.87 1504396799999 2631.22876103 17241 201109.79 1367.21609831
1504396800000 0.006947 0.007142 0.00639 0.006699 267730.05 1504483199999 1788.07961927 16394 143476.39 958.25909935
1504483200000 0.006698 0.006698 0.003319 0.005246 580034.92 1504569599999 2879.59151233 17870 304889.91 1495.55573603
1504569600000 0.00522 0.005703 0.004499 0.005272 187868.49 1504655999999 980.0016722 7851 88803.89 463.73859928
1504656000000 0.005282 0.0056 0.0042 0.004535 187110.88 1504742399999 892.57102492 5666 91669.39 440.18185734
1504742400000 0.004558 0.00735 0.00443 0.006748 533520.42 1504828799999 3337.23799467 18222 295491.99 1853.9339569
1504828800000 0.006726 0.006726 0.005355 0.005999 387718.76 1504915199999 2361.96918726 16813 198899.49 1211.38141036
1504915200000 0.005988 0.005999 0.005097 0.005139 234094.8 1505001599999 1299.60755482 13041 124525.8 692.36491681
1505001600000 0.005175 0.005756 0.004878 0.005578 309276.0 1505087999999 1632.83808993 15284 174514.52 919.59675146
1505088000000 0.005578 0.005601 0.005177 0.005223 237183.92 1505174399999 1267.9740396 14198 118610.66 634.46934498
1505174400000 0.00522 0.005425 0.004769 0.005007 294067.92 1505260799999 1511.56533913 15288 150111.94 773.09879177
1505260800000 0.00501 0.005391 0.004633 0.005183 289070.09 1505347199999 1423.13562167 16341 133348.11 658.03506256
1505347200000 0.00518 0.00533 0.00447 0.004883 402727.94 1505433599999 1983.01294469 20112 196330.84 965.31128761
1505433600000 0.004872 0.005171 0.004402 0.005039 398439.31 1505519999999 1930.98185469 20931 210191.66 1019.33830403
1505520000000 0.005033 0.00595 0.005017 0.005568 344688.31 1505606399999 1891.93277923 17320 180734.25 991.41818966
1505606400000 0.005562 0.005562 0.005183 0.005361 203917.66 1505692799999 1087.59512556 16011 106593.03 568.63540808
1505692800000 0.005363 0.005399 0.004876 0.005155 208695.47 1505779199999 1086.54238282 15145 100564.24 523.77295905
1505779200000 0.005154 0.005458 0.004876 0.005087 278706.7 1505865599999 1425.9299526 19219 148640.95 762.04638245
1505865600000 0.005087 0.00517 0.004959 0.005062 180830.67 1505951999999 916.71007391 15910 91078.49 462.09796356
1505952000000 0.005059 0.005097 0.004617 0.004807 250335.13 1506038399999 1213.10945926 17619 123565.86 599.75985883
1506038400000 0.004835 0.0054 0.004744 0.005177 295351.77 1506124799999 1475.75125393 18147 147115.57 734.36463441
1506124800000 0.005187 0.005438 0.0051 0.005342 267252.86 1506211199999 1408.44617293 16811 141669.18 747.02403925
1506211200000 0.005353 0.005419 0.0053 0.005403 242508.41 1506297599999 1298.38592928 16223 122288.26 655.26403775
1506297600000 0.005403 0.006888 0.005367 0.006665 406056.25 1506383999999 2450.67667415 19889 220074.62 1324.7440983
1506384000000 0.006652 0.006949 0.00633 0.006702 575009.03 1506470399999 3820.28636764 25094 298700.6 1986.71453493
1506470400000 0.006702 0.008339 0.006682 0.00757 720107.24 1506556799999 5394.74651325 27913 359274.68 2691.4907665
1506556800000 0.00757 0.00784 0.00655 0.007068 704128.76 1506643199999 4998.68114909 26927 348666.38 2473.15334393
1506643200000 0.007066 0.007264 0.006367 0.0068 547231.77 1506729599999 3737.50061194 22340 249310.86 1703.68809369
1506729600000 0.006847 0.007899 0.006771 0.007871 507692.21 1506815999999 3740.95281347 22536 253744.17 1870.79302571
1506816000000 0.007871 0.008221 0.007379 0.008105 525511.7 1506902399999 4039.72001522 22649 246739.69 1900.82778508
1506902400000 0.008114 0.008829 0.007892 0.008359 607115.54 1506988799999 4993.11520596 25453 272911.62 2246.74295357
1506988800000 0.008327 0.008396 0.007497 0.007789 544185.2 1507075199999 4281.59180929 23169 242112.06 1905.14393281
1507075200000 0.007806 0.008084 0.007108 0.007394 511361.75 1507161599999 3915.3650807 25510 238714.56 1831.11844131
1507161600000 0.007396 0.007739 0.00695 0.007476 522756.58 1507247999999 3867.98072663 23110 229009.57 1694.46918151
1507248000000 0.007479 0.007848 0.007451 0.007695 481588.43 1507334399999 3684.79130801 22073 222555.87 1705.55233974
1507334400000 0.007694 0.008168 0.007498 0.008069 485726.02 1507420799999 3771.20157495 26468 257348.62 1996.69871376
1507420800000 0.008069 0.008415 0.00665 0.006937 693710.7 1507507199999 5350.71966136 33250 345345.95 2675.83323649
1507507200000 0.006936 0.007129 0.005469 0.0061 684268.89 1507593599999 4411.08680786 30731 314642.39 2032.01739215
1507593600000 0.006109 0.00645 0.0058 0.00612 515479.38 1507679999999 3150.1578202 25144 234682.48 1435.25131403
1507680000000 0.00613 0.006538 0.0061 0.006199 303399.56 1507766399999 1910.13869031 15853 130192.66 820.59893532
1507766400000 0.0062 0.006294 0.0051 0.00514 505618.38 1507852799999 2843.95367405 21381 242435.22 1357.25642777
1507852800000 0.00513 0.005388 0.004555 0.005177 616767.35 1507939199999 3051.18085049 22992 314833.91 1557.2505
1507939200000 0.005178 0.005227 0.004711 0.004779 432865.46 1508025599999 2180.64672977 13261 210638.55 1062.83799829
1508025600000 0.004725 0.005065 0.004622 0.004868 392012.32 1508111999999 1906.07396858 14732 182830.36 889.76685746
1508112000000 0.004868 0.005122 0.004768 0.004972 419400.85 1508198399999 2060.89308628 13382 216247.36 1064.15207061
1508198400000 0.004971 0.005888 0.004914 0.00565 544030.69 1508284799999 2895.66067288 18485 281121.63 1492.52680309
1508284800000 0.00565 0.005824 0.005151 0.005316 458141.66 1508371199999 2522.68504632 17358 226484.99 1249.15130565
1508371200000 0.005303 0.005409 0.004981 0.005004 386320.45 1508457599999 1976.05988519 13944 203636.43 1042.44954238
1508457600000 0.005007 0.005195 0.004577 0.004615 420747.37 1508543999999 2069.99752855 13476 217853.33 1070.02908115
1508544000000 0.004615 0.004644 0.004251 0.004497 385236.9 1508630399999 1725.28344072 12566 189955.41 851.17431363
1508630400000 0.004509 0.00508 0.004478 0.004794 374159.6 1508716799999 1797.57448051 13028 204052.25 980.37208843
1508716800000 0.004794 0.004847 0.004576 0.00464 364295.15 1508803199999 1700.93080704 12923 188226.56 879.49433733
1508803200000 0.004639 0.0058 0.004581 0.005493 630651.73 1508889599999 3388.26480568 21919 330146.94 1768.58787368
1508889600000 0.00549 0.00549 0.00493 0.004962 451889.83 1508975999999 2381.63821244 14319 248725.37 1312.70269364
1508976000000 0.004978 0.00514 0.004673 0.004793 446174.75 1509062399999 2184.91493163 16055 205734.76 1007.13614221
1509062400000 0.004767 0.00505 0.004695 0.005012 407986.49 1509148799999 1996.20550423 16212 218317.73 1067.02527057
1509148800000 0.005011 0.005027 0.004694 0.004747 382177.77 1509235199999 1864.8599678 13491 198508.65 969.82073725
1509235200000 0.004761 0.004881 0.004285 0.004494 429024.05 1509321599999 2021.49521683 14432 225228.72 1057.61981266
1509321600000 0.0045 0.0048 0.004477 0.004671 387745.54 1509407999999 1802.82622468 15019 192877.96 898.30296156
1509408000000 0.004672 0.005132 0.004371 0.004371 425591.67 1509494399999 1984.38409401 18379 236447.64 1104.99254511
1509494400000 0.004371 0.004471 0.003957 0.003957 455437.27 1509580799999 1901.89208576 19663 235202.49 983.78188866
1509580800000 0.003957 0.003975 0.003099 0.003501 666944.94 1509667199999 2391.05271304 23905 342958.0 1228.31462222
1509667200000 0.0035 0.003781 0.003433 0.003733 536810.91 1509753599999 1926.42153875 22779 278938.13 1003.37424775
1509753600000 0.003732 0.003909 0.003507 0.003586 438009.18 1509839999999 1616.36252246 15530 220671.46 816.13460189
1509840000000 0.003586 0.003625 0.003418 0.003575 448092.93 1509926399999 1571.67903993 17557 230148.59 808.81089994
1509926400000 0.003574 0.00383 0.003527 0.003781 424438.91 1510012799999 1551.80681235 14676 231084.96 845.71429978
1510012800000 0.003781 0.003781 0.003612 0.003693 395002.64 1510099199999 1453.0124068 14589 204445.59 752.61582385
1510099200000 0.003693 0.00487 0.003512 0.004165 686382.62 1510185599999 2727.50379445 25391 299622.01 1193.34732248
1510185600000 0.004125 0.004679 0.004115 0.004488 527452.84 1510271999999 2329.51086199 18388 228222.4 1009.29800953
1510272000000 0.004499 0.004499 0.004099 0.004288 498986.01 1510358399999 2157.1479031 17577 226880.21 981.25090443
1510358400000 0.004289 0.004622 0.00422 0.004499 453458.38 1510444799999 1991.29058714 17146 220294.26 968.58623026
1510444800000 0.004488 0.004651 0.00425 0.004609 465866.29 1510531199999 2072.6963549 28435 227027.7 1013.67012901
1510531200000 0.004609 0.00465 0.00426 0.004357 441266.38 1510617599999 1959.62523488 18028 206271.63 917.16150114
1510617600000 0.00437 0.00455 0.00426 0.004513 421291.85 1510703999999 1854.14170802 15362 207300.28 913.52889066
1510704000000 0.004514 0.004514 0.003871 0.004055 469217.97 1510790399999 1970.70641338 16441 239555.34 1004.56296617
1510790400000 0.004055 0.004164 0.003604 0.003642 424261.19 1510876799999 1654.99583885 16466 212967.59 832.62162508
1510876800000 0.003646 0.00544 0.003494 0.005258 1156369.61 1510963199999 5125.40659041 45630 636986.94 2842.40307527
1510963200000 0.005255 0.0063 0.004802 0.0055 1651067.11 1511049599999 9026.33153464 70852 857180.29 4692.56474764
1511049600000 0.005503 0.005871 0.004444 0.004958 1008339.39 1511135999999 5237.64268428 49129 477133.53 2476.57005163
1511136000000 0.004958 0.005466 0.004311 0.004313 973252.73 1511222399999 4766.07237846 46922 465868.14 2283.67860844
1511222400000 0.004322 0.00459 0.00416 0.004271 626869.65 1511308799999 2711.6060659 29460 299508.07 1296.9253931
1511308800000 0.004259 0.004522 0.00418 0.004346 464093.8 1511395199999 2029.0321472 23520 225871.12 988.84351812
1511395200000 0.004342 0.004416 0.0042 0.004322 428845.41 1511481599999 1849.76713653 21147 192433.35 831.00913471
1511481600000 0.004327 0.00445 0.004 0.004233 441085.18 1511567999999 1875.26353479 22519 194632.54 828.06132297
1511568000000 0.00423 0.00486 0.00418 0.00435 569558.85 1511654399999 2558.93212891 28148 235910.81 1061.29202859
1511654400000 0.004348 0.004401 0.00408 0.004119 406476.47 1511740799999 1710.77751376 18901 165884.44 699.28761248
1511740800000 0.004119 0.004381 0.004011 0.004129 432570.69 1511827199999 1791.87086892 22189 166154.84 689.00366772
1511827200000 0.004129 0.004136 0.003765 0.003818 473615.43 1511913599999 1860.97756681 24124 178594.92 701.35667236
1511913600000 0.003818 0.00394 0.003132 0.003353 637551.81 1511999999999 2229.44550551 36517 268067.66 938.98691135
1512000000000 0.003353 0.003436 0.003213 0.003309 426330.21 1512086399999 1408.63601208 25385 173658.07 574.69519149
1512086400000 0.003309 0.003715 0.003239 0.0033 446032.65 1512172799999 1528.02915295 24028 177639.52 610.52608275
1512172800000 0.0033 0.003351 0.00318 0.003211 354105.82 1512259199999 1149.35604831 14262 187236.06 608.07694275
1512259200000 0.003211 0.003459 0.00316 0.003275 398789.59 1512345599999 1301.21923415 18358 208767.5 682.1103082
1512345600000 0.003275 0.00382 0.003232 0.003616 613513.53 1512431999999 2177.83302079 29646 346616.95 1233.14011864
1512432000000 0.003611 0.0038 0.003151 0.003319 643055.42 1512518399999 2220.53487769 27156 371357.88 1286.20886148
1512518400000 0.003307 0.003315 0.002476 0.002538 665521.62 1512604799999 1937.08974698 29831 373653.02 1083.72655174
1512604800000 0.002537 0.002711 0.002 0.002 901065.78 1512691199999 2092.36728082 39086 436379.96 1017.19652628
1512691200000 0.002004 0.002632 0.001838 0.002261 956832.42 1512777599999 2124.00594307 48443 425403.35 940.87521139
1512777600000 0.002259 0.00265 0.002159 0.002399 711216.41 1512863999999 1718.17823909 32994 310210.65 751.66627618
1512864000000 0.002399 0.002514 0.0021 0.002205 619262.02 1512950399999 1449.38253762 29019 255271.19 595.54905655
1512950400000 0.002202 0.002254 0.00198 0.002163 648571.23 1513036799999 1380.41430453 26664 278121.15 591.76696927
1513036800000 0.002158 0.002474 0.002073 0.002376 848178.1 1513123199999 1900.67089817 37523 374589.06 839.33064118
1513123200000 0.002376 0.00304 0.002285 0.002757 1634802.14 1513209599999 4364.71307006 72688 680770.96 1818.76128722
1513209600000 0.002757 0.00333 0.0026 0.003075 1812891.66 1513295999999 5444.21773544 80554 783535.01 2354.90289428
1513296000000 0.003076 0.0031 0.0023 0.002736 1441461.94 1513382399999 3768.31424906 56201 591334.13 1542.16065755
1513382400000 0.002745 0.002989 0.00243 0.002567 1106717.92 1513468799999 2966.71214887 49814 435749.44 1171.27542631
1513468800000 0.002568 0.003978 0.002563 0.003561 2152589.59 1513555199999 6992.78663763 108909 942305.65 3085.65181424
1513555200000 0.003568 0.004299 0.00347 0.004098 1219609.14 1513641599999 4785.06056117 87492 632789.71 2484.81977297
1513641600000 0.004098 0.0045 0.003806 0.004023 856773.12 1513727999999 3555.1551417 72308 441037.87 1833.89087598
1513728000000 0.004023 0.00469 0.0037 0.00463 1010907.84 1513814399999 4179.11291594 70790 437893.97 1816.91336989
1513814400000 0.004638 0.00476 0.0043 0.004548 1098776.77 1513900799999 4963.03389702 63501 581945.96 2626.00407982
1513900800000 0.004548 0.004583 0.003815 0.004121 1300351.25 1513987199999 5442.8059206 70813 694640.04 2908.71648833
1513987200000 0.004128 0.0045 0.004111 0.004167 759372.66 1514073599999 3275.3270228 46304 380533.52 1641.82220885
1514073600000 0.004167 0.004348 0.004043 0.004325 1170598.31 1514159999999 4918.84065021 51150 614186.33 2579.75922496
1514160000000 0.004323 0.004937 0.004289 0.00479 1111678.97 1514246399999 4940.9983017 55372 600382.02 2670.85243829
1514246400000 0.00479 0.004889 0.003825 0.004164 1455408.19 1514332799999 6183.64534654 63366 766543.18 3248.17665731
1514332800000 0.004164 0.004445 0.003902 0.004294 869002.75 1514419199999 3642.52249552 55030 444251.62 1862.68278508
1514419200000 0.004295 0.00468 0.004102 0.00454 570489.05 1514505599999 2480.90770116 52556 285531.64 1242.14686771
1514505600000 0.004539 0.00524 0.004424 0.005135 686860.0 1514591999999 3226.97566399 64544 351070.14 1650.20056396
1514592000000 0.005134 0.00577 0.004801 0.005759 819786.04 1514678399999 4255.65977039 83379 423475.85 2202.9833351
1514678400000 0.005759 0.00598 0.004677 0.005461 726135.66 1514764799999 4006.64799471 73970 352982.24 1952.62781192
1514764800000 0.005461 0.005949 0.005351 0.005857 587204.04 1514851199999 3301.70939329 60881 305843.02 1721.37267369
1514851200000 0.005864 0.006999 0.0052 0.006094 1243134.9 1514937599999 7808.40373987 127011 665633.29 4194.61327684
1514937600000 0.006095 0.007089 0.005613 0.006939 819725.56 1515023999999 5154.01313224 102761 432108.61 2722.31417557
1515024000000 0.006939 0.007356 0.00626 0.006488 869163.83 1515110399999 5953.78643432 105685 465879.57 3203.53013838
1515110400000 0.006487 0.007157 0.00521 0.005616 716559.21 1515196799999 4386.16071748 87726 356226.21 2185.39435238
1515196800000 0.005616 0.006294 0.0053 0.005875 459517.37 1515283199999 2694.15939133 59693 239929.36 1407.4122524
1515283200000 0.005874 0.006553 0.005781 0.006295 563233.0 1515369599999 3542.11952722 68083 299414.25 1883.63938963
1515369600000 0.006298 0.007073 0.006213 0.0068 617549.14 1515455999999 4089.62864829 79005 328792.13 2179.05666524
1515456000000 0.006801 0.008815 0.006771 0.00881 1182809.24 1515542399999 9592.62263882 138261 737410.15 5988.03641032
1515542400000 0.008812 0.00894 0.008081 0.008232 762646.14 1515628799999 6504.2209591 108348 400224.16 3414.83370383
1515628800000 0.008232 0.0088 0.007856 0.00813 640108.86 1515715199999 5315.41432757 90045 326701.87 2716.17957483
1515715200000 0.00813 0.009 0.00803 0.008967 395892.29 1515801599999 3451.36673873 67756 212785.34 1858.00077902
1515801600000 0.008967 0.010529 0.008868 0.00982 813627.46 1515887999999 7822.22834025 121495 493088.28 4734.66432178
1515888000000 0.00982 0.0137 0.009505 0.0126 1041808.97 1515974399999 11746.86567451 167697 551906.68 6253.85502907
1515974400000 0.0126 0.01441 0.010771 0.01405 1837710.79 1516060799999 23107.02389211 302869 1003624.18 12650.04249285
1516060800000 0.014051 0.014102 0.00902 0.012796 1805292.94 1516147199999 22813.88527463 294532 874812.14 11111.83417896
1516147200000 0.012779 0.013611 0.00999 0.0129 1364947.82 1516233599999 16090.45889934 232542 642170.07 7606.07111298
1516233600000 0.012998 0.013596 0.0122 0.01271 683143.76 1516319999999 8784.32791811 137501 349492.43 4496.62615009
1516320000000 0.012711 0.01334 0.010002 0.01215 430543.35 1516406399999 5312.83832697 83162 203999.47 2547.36660701
1516406400000 0.01215 0.012382 0.011227 0.011757 467559.77 1516492799999 5493.75018161 88172 239362.64 2808.51846213
1516492800000 0.01176 0.012 0.011284 0.01152 283495.8 1516579199999 3291.89651108 57606 132941.51 1545.29511242
1516579200000 0.01152 0.0118 0.011 0.01153 330389.35 1516665599999 3781.60506626 69610 162861.37 1867.6086473
1516665600000 0.011527 0.01153 0.01096 0.01136 259749.17 1516751999999 2916.80261655 55189 125012.73 1405.07111419
1516752000000 0.011359 0.0128 0.01115 0.012123 381249.58 1516838399999 4594.4722545 95559 192085.52 2315.24761717
1516838400000 0.012157 0.0127 0.011982 0.012338 225336.45 1516924799999 2789.88832813 60124 108247.16 1340.34187179
1516924800000 0.012337 0.012597 0.011829 0.012415 184580.16 1517011199999 2260.40085805 46302 84221.19 1031.98555626
1517011200000 0.012415 0.01279 0.012211 0.012345 115957.36 1517097599999 1430.61635784 29520 55458.93 685.31067772
1517097600000 0.012345 0.013 0.01201 0.012978 186427.61 1517183999999 2338.21224874 54750 90452.7 1137.36957644
1517184000000 0.012979 0.014986 0.012973 0.014945 484586.75 1517270399999 6817.34261197 120556 256265.81 3611.78312661
1517270400000 0.014949 0.0152 0.013842 0.01426 470369.6 1517356799999 6787.96568669 126334 226112.44 3268.70886547
1517356800000 0.014275 0.014276 0.0136 0.01417 221632.16 1517443199999 3107.38240598 62292 99323.38 1393.70385702
1517443200000 0.014172 0.01433 0.012901 0.013714 298503.44 1517529599999 4107.35614022 92685 127909.08 1764.90754673
1517529600000 0.013704 0.014344 0.0118 0.013644 520044.26 1517615999999 6894.53257515 148459 234945.77 3131.75232796
1517616000000 0.013644 0.01388 0.013129 0.013549 195907.7 1517702399999 2658.34173906 72648 89966.13 1221.74888822
1517702400000 0.013549 0.013549 0.012527 0.013075 186484.4 1517788799999 2430.28079639 62244 83599.53 1090.06785082
1517788800000 0.013075 0.0132 0.011097 0.011871 407749.67 1517875199999 4938.41275778 108659 187517.46 2279.62614143
1517875200000 0.011865 0.01399 0.010592 0.013573 648554.66 1517961599999 7938.60755438 175541 310798.19 3843.15392884
1517961600000 0.013573 0.01449 0.012939 0.013425 468903.92 1518047999999 6465.94239006 144678 235832.7 3258.2517461
1518048000000 0.013448 0.01409 0.01341 0.014031 14160.16 1518134399999 195.77266209 4977 8016.18 110.75361351
1518134400000 0.014036 0.014036 0.01313 0.01319 148770.92 1518220799999 1998.92221427 43089 69026.14 929.2167694
1518220800000 0.013176 0.013321 0.01235 0.012555 273204.35 1518307199999 3509.38691445 92264 119635.8 1537.32189316
1518307200000 0.012573 0.013243 0.012002 0.01263 230147.53 1518393599999 2907.0780449 92621 108405.16 1370.11798522
1518393600000 0.01263 0.013431 0.012514 0.012566 246630.57 1518479999999 3200.19868967 93848 127145.56 1651.92108789
1518480000000 0.012566 0.0129 0.01255 0.012678 139489.21 1518566399999 1776.35220521 46862 62752.8 799.29639195
1518566400000 0.012678 0.013 0.012543 0.0129 241261.1 1518652799999 3079.53811288 79751 106036.6 1354.00954877
1518652800000 0.0129 0.012983 0.011911 0.012087 228629.52 1518739199999 2834.67497346 81162 104577.93 1296.42560535
1518739200000 0.012093 0.012799 0.011921 0.012537 192133.74 1518825599999 2373.51443815 72146 92471.62 1141.18142751
1518825600000 0.012547 0.013169 0.012218 0.012226 233085.96 1518911999999 2955.09185088 87917 110394.34 1400.23729676
1518912000000 0.012227 0.012345 0.011821 0.012063 164352.83 1518998399999 1980.77626634 58413 69758.01 840.74617544
1518998400000 0.012064 0.012434 0.011971 0.012223 149685.36 1519084799999 1829.66527446 53914 66955.42 818.01914264
1519084800000 0.012229 0.012288 0.010944 0.011143 250660.86 1519171199999 2908.55701608 72489 129204.81 1502.04191979
1519171200000 0.011151 0.01153 0.01088 0.011299 191912.71 1519257599999 2163.12267536 66791 99246.08 1118.14671606
1519257600000 0.011293 0.011579 0.011154 0.011365 157344.62 1519343999999 1790.36971096 55290 76549.32 870.9852361
1519344000000 0.011366 0.01185 0.01128 0.011691 166030.71 1519430399999 1933.15340389 62481 76310.18 888.77838952
1519430400000 0.011693 0.011978 0.011588 0.011902 133476.14 1519516799999 1574.37745891 49008 66703.92 786.98869184
1519516800000 0.011888 0.012273 0.011829 0.012187 100831.26 1519603199999 1219.10846827 43587 51373.03 620.9999901
1519603200000 0.012186 0.013754 0.012102 0.013043 472380.59 1519689599999 6122.67875487 116502 222184.76 2875.96831971
1519689600000 0.01304 0.013988 0.012817 0.013259 444142.32 1519775999999 5905.10817127 109202 216231.18 2879.14868223
1519776000000 0.013249 0.013399 0.012419 0.012749 321228.69 1519862399999 4116.95421195 80361 152366.86 1955.37082097
1519862400000 0.012761 0.013007 0.0116 0.011772 344763.24 1519948799999 4191.5291924 81549 181500.27 2205.10781287
1519948800000 0.011769 0.01186 0.011145 0.011194 188235.1 1520035199999 2148.76510549 46713 91130.46 1040.4639327
1520035200000 0.011194 0.01135 0.010577 0.010578 167814.11 1520121599999 1840.02446869 41941 88908.54 973.66340691
1520121600000 0.01058 0.01125 0.010254 0.010357 264200.38 1520207999999 2807.51494601 65756 147811.1 1568.21294503
1520208000000 0.010357 0.010439 0.009495 0.009701 329217.78 1520294399999 3291.08552715 68896 198331.65 1980.42114564
1520294400000 0.009709 0.010129 0.009509 0.009745 295993.35 1520380799999 2896.68049102 73066 149058.79 1460.26573054
1520380800000 0.009754 0.010447 0.0094 0.010103 450696.52 1520467199999 4508.43944586 100434 214572.63 2149.62906822
1520467200000 0.0101 0.010145 0.00968 0.00977 204266.42 1520553599999 2018.95485064 49896 110404.99 1090.97884951
1520553600000 0.00977 0.010095 0.0094 0.009944 282224.3 1520639999999 2752.23167799 62758 135865.14 1325.87071649
1520640000000 0.009943 0.010008 0.00963 0.00967 154407.23 1520726399999 1515.1476655 42115 68783.17 674.97600821
1520726400000 0.00967 0.00977 0.009393 0.009491 126637.65 1520812799999 1213.75407637 36523 54427.25 522.3918928
1520812800000 0.009491 0.0096 0.009139 0.009314 146112.63 1520899199999 1365.73180995 37743 75772.49 707.97925088
1520899200000 0.009332 0.009441 0.009003 0.009058 253881.21 1520985599999 2329.70822501 55191 120896.57 1109.44379113
1520985600000 0.009062 0.009149 0.008552 0.0087 384751.63 1521071999999 3406.56021128 64892 196565.53 1739.75662668
1521072000000 0.008701 0.00886 0.008254 0.00839 447763.74 1521158399999 3797.67829148 78823 212513.29 1802.78223616
1521158400000 0.00839 0.00849 0.008081 0.008141 337177.41 1521244799999 2784.3105642 51165 173016.31 1428.97429125
1521244800000 0.008141 0.008399 0.007675 0.007696 317443.03 1521331199999 2570.28859398 45651 160192.5 1299.39529434
1521331200000 0.007695 0.00827 0.0061 0.00796 690632.58 1521417599999 5128.36351513 98323 356588.68 2652.00952319
1521417600000 0.00796 0.00852 0.007651 0.008437 555059.2 1521503999999 4429.97075033 90885 289583.08 2309.44633778
1521504000000 0.008427 0.008826 0.008006 0.008496 494995.07 1521590399999 4169.41610201 82971 253727.95 2136.16559596
1521590400000 0.008504 0.0088 0.00805 0.008169 433002.61 1521676799999 3626.43446166 66930 210139.92 1761.69987261
1521676800000 0.008159 0.0083 0.0078 0.007947 355261.38 1521763199999 2863.65879326 54766 172131.61 1388.01708353
1521763200000 0.007947 0.007968 0.007645 0.007719 391539.25 1521849599999 3033.82926098 57953 187830.99 1456.04599701
1521849600000 0.007737 0.00785 0.007554 0.007641 332577.6 1521935999999 2557.04660939 51473 159991.88 1230.82252241
1521936000000 0.00764 0.007834 0.007512 0.007734 297049.12 1522022399999 2265.54266645 44274 156115.74 1190.90834496
1522022400000 0.007734 0.007796 0.00701 0.00725 499118.0 1522108799999 3656.69777663 71002 254109.32 1863.05041345
1522108800000 0.00725 0.007458 0.0067 0.007099 477761.22 1522195199999 3395.64625491 68327 264489.66 1880.13548187
1522195200000 0.007099 0.00752 0.007078 0.00719 368986.58 1522281599999 2674.04139294 47840 194061.45 1407.06868203
1522281600000 0.007187 0.007463 0.00699 0.007273 423711.02 1522367999999 3036.78387883 56702 221199.33 1587.34711585
1522368000000 0.007272 0.007467 0.007086 0.00734 437443.68 1522454399999 3209.85293087 56206 225580.97 1655.88375058
1522454400000 0.007341 0.007449 0.007092 0.007205 333636.96 1522540799999 2423.56721525 43883 170726.7 1240.15800007
1522540800000 0.007204 0.00728 0.006911 0.00694 380973.82 1522627199999 2688.25566965 43337 196580.31 1386.34693689
1522627200000 0.006934 0.00709 0.006829 0.00691 341745.68 1522713599999 2368.50230947 43108 187519.81 1299.34234923
1522713600000 0.006908 0.007224 0.006875 0.007196 365479.63 1522799999999 2579.7008873 49375 184036.07 1299.22712125
1522800000000 0.007195 0.007225 0.006837 0.006993 361756.14 1522886399999 2522.78467275 45543 185457.5 1293.17099006
1522886400000 0.006994 0.007025 0.006816 0.006933 340965.3 1522972799999 2358.36175546 43400 168384.07 1164.89008159
1522972800000 0.006934 0.00698 0.0067 0.006786 316726.17 1523059199999 2168.94306284 39964 158647.08 1087.82077129
1523059200000 0.006785 0.00686 0.006668 0.006736 307013.73 1523145599999 2078.40890687 37787 149351.48 1011.57000777
1523145600000 0.00673 0.007041 0.006694 0.007034 272644.02 1523231999999 1851.23658881 38162 149459.54 1014.73247671
1523232000000 0.007034 0.008053 0.006997 0.007815 1184184.34 1523318399999 8997.63006279 141990 594948.94 4520.69238142
1523318400000 0.007816 0.007848 0.007375 0.0077 515358.65 1523404799999 3896.69409546 66354 256726.32 1940.81176098
1523404800000 0.0077 0.0086 0.007642 0.008395 742927.66 1523491199999 6023.91296283 97867 366935.44 2976.35455718
1523491200000 0.008394 0.008732 0.00785 0.008466 797491.0 1523577599999 6574.96708335 110242 396968.65 3275.84019153
1523577600000 0.008476 0.008526 0.007877 0.007907 563144.35 1523663999999 4628.78192393 77596 301508.65 2476.36697603
1523664000000 0.00792 0.008141 0.007844 0.008018 303408.36 1523750399999 2419.78150807 44018 143530.12 1145.23577991
1523750400000 0.008018 0.0085 0.007982 0.008455 403567.02 1523836799999 3330.62362866 59500 207167.03 1710.38031173
1523836800000 0.008453 0.008485 0.008102 0.008297 376513.08 1523923199999 3108.49890631 53180 180611.41 1492.63370036
1523923200000 0.008296 0.0086 0.008202 0.008319 443391.2 1524009599999 3717.17305111 62179 223056.84 1871.62199914
1524009600000 0.008321 0.00898 0.008315 0.008924 527118.22 1524095999999 4556.54137691 82736 279230.46 2415.42003309
1524096000000 0.008925 0.00915 0.008655 0.008945 532073.92 1524182399999 4727.67943388 83701 262984.19 2336.91199094
1524182400000 0.00894 0.00912 0.00875 0.008928 482615.52 1524268799999 4314.61493928 79043 239985.74 2147.23938889
1524268800000 0.008928 0.009023 0.008185 0.008372 458139.36 1524355199999 3922.48380544 67630 206194.83 1766.26047426
1524355200000 0.008373 0.008611 0.00825 0.008372 339317.01 1524441599999 2865.08097165 55633 180521.1 1525.19344971
1524441600000 0.008372 0.008745 0.008361 0.008526 366113.56 1524527999999 3129.84582691 64034 188169.16 1607.35933666
1524528000000 0.008528 0.008964 0.008458 0.008559 554933.43 1524614399999 4834.05394892 93162 276671.32 2411.34228455
1524614400000 0.008559 0.008559 0.007777 0.008062 606737.61 1524700799999 4935.36569949 84187 287925.76 2339.75601926
1524700800000 0.008063 0.008347 0.008 0.008301 391836.38 1524787199999 3203.92964178 57546 202254.93 1654.58745756
1524787200000 0.008301 0.00831 0.008057 0.008114 358633.46 1524873599999 2937.19073973 50374 177135.11 1451.18596141
1524873600000 0.008106 0.008361 0.008024 0.008191 425119.08 1524959999999 3478.14225906 61554 203117.83 1662.10860272
1524960000000 0.00819 0.00986 0.008189 0.009617 1123959.29 1525046399999 10215.23088209 173860 586818.34 5350.18057368
1525046400000 0.009617 0.01 0.008911 0.009075 816239.69 1525132799999 7698.38467419 129081 406917.13 3844.6102281
1525132800000 0.009076 0.009358 0.008777 0.009279 433743.47 1525219199999 3921.97793504 67794 202690.23 1833.68845212
1525219200000 0.009278 0.009382 0.009101 0.009169 312223.34 1525305599999 2869.19348139 55839 159303.02 1464.49526804
1525305600000 0.00918 0.009441 0.0089 0.00899 538796.57 1525391999999 4945.76402606 90307 245823.67 2256.61692216
1525392000000 0.008985 0.009095 0.00857 0.00866 350773.64 1525478399999 3088.96035513 56522 175569.63 1546.13289331
1525478400000 0.008659 0.00876 0.0085 0.00856 302818.11 1525564799999 2617.56324903 44455 156434.24 1351.9879569
1525564800000 0.00856 0.008932 0.008453 0.00866 362350.83 1525651199999 3134.6837836 59502 179744.62 1555.19691806
1525651200000 0.008663 0.008669 0.0082 0.008453 394829.76 1525737599999 3315.69072847 57109 179359.65 1506.84219277
1525737600000 0.008453 0.008583 0.0083 0.00837 311569.89 1525823999999 2626.65910412 50065 147131.36 1240.15556477
1525824000000 0.00837 0.008376 0.00803 0.008172 279062.89 1525910399999 2279.29727741 50298 126915.57 1037.58135326
1525910400000 0.008172 0.008204 0.007727 0.007738 356073.1 1525996799999 2857.76160701 59218 178001.18 1428.13040472
1525996800000 0.007737 0.00788 0.007611 0.007803 69215.98 1526083199999 537.02173767 11403 35441.95 275.23509347
