1511136000000 36.0 46.0 34.7 35.582 30342.33 1511222399999 1185224.382711 1486 9345.569 372104.092237
1511222400000 35.582 37.499 33.5 35.0 28677.569 1511308799999 1015896.652756 1450 7191.952 255649.672292
1511308800000 35.0 37.3 34.5 35.005 6939.531 1511395199999 250557.156057 391 3228.515 117338.188108
1511395200000 35.01 36.9 34.0 34.69 10110.575 1511481599999 355276.275281 592 3159.645 112314.801859
1511481600000 34.69 36.101 33.09 34.5 8078.994 1511567999999 279347.38885 697 2947.299 103048.572416
1511568000000 34.5 39.928 34.0 37.831 24200.524 1511654399999 908892.88837 1438 8337.823 315023.852778
1511654400000 37.831 38.9 37.1 37.81 10491.272 1511740799999 395889.401828 665 3094.969 117263.681203
1511740800000 37.734 41.71 37.5 39.102 13232.16 1511827199999 520948.752757 1166 8210.437 324511.172239
1511827200000 39.92 40.52 37.25 37.611 15189.495 1511913599999 585110.787645 726 4525.853 176569.173042
1511913600000 37.8 39.303 30.545 32.482 121051.885 1511999999999 4252185.448876 7776 52242.819 1840803.021462
1512000000000 32.649 35.224 29.104 32.438 164844.835 1512086399999 5286278.722916 8355 98156.08 3165434.11325
1512086400000 32.38 36.359 30.209 35.343 202687.005 1512172799999 7000322.911259 8286 124588.671 4306460.548234
1512172800000 35.452 36.586 34.0 35.046 133566.599 1512259199999 4742494.190339 5769 91414.032 3248302.161019
1512259200000 35.038 39.5 34.81 36.589 166575.583 1512345599999 6129799.426234 8050 110597.463 4075408.558084
1512345600000 36.667 43.186 36.576 41.808 190481.502 1512431999999 7589749.481255 8637 120999.304 4825548.064608
1512432000000 41.951 42.287 38.661 38.661 156520.441 1512518399999 6298698.849011 7244 98642.722 3973285.400528
1512518400000 38.661 38.991 33.382 34.634 170201.946 1512604799999 6249718.811548 7588 91625.056 3387283.188063
1512604800000 34.85 37.0 31.737 33.215 172820.395 1512691199999 5896145.734441 8479 95561.662 3290657.296845
1512691200000 33.216 37.012 31.3 35.594 198595.62 1512777599999 6835545.514196 12496 92103.333 3162667.72088
1512777600000 35.605 38.197 32.902 35.097 163032.75 1512863999999 5803865.339776 9751 76063.277 2708172.565947
1512864000000 35.131 35.219 31.0 32.598 186122.929 1512950399999 6167816.673215 10565 89088.328 2953498.969366
1512950400000 32.609 36.457 32.609 35.777 178419.091 1513036799999 6222292.696864 9112 86444.986 3016882.980398
1513036800000 35.753 39.8 34.95 38.836 226390.35 1513123199999 8345416.832431 11553 121734.898 4513523.733691
1513123200000 38.836 48.0 34.55 43.906 294829.464 1513209599999 12226567.492617 17076 151977.626 6323010.757938
1513209600000 44.28 52.9 43.0 50.273 172532.755 1513295999999 8282946.571073 11522 95920.865 4619444.626947
1513296000000 50.273 51.0 41.25 47.833 98502.202 1513382399999 4467826.786653 7887 45253.037 2071304.506794
1513382400000 47.978 51.749 46.45 49.116 78471.93 1513468799999 3831164.067374 6500 38069.079 1874737.234682
1513468800000 49.11 74.998 48.826 67.187 220183.422 1513555199999 13757544.796226 17087 126151.129 7858499.908317
1513555200000 67.187 81.474 60.0 77.038 153215.715 1513641599999 10915663.617652 13353 78932.686 5673638.320761
1513641600000 77.204 83.8 63.21 69.75 189528.411 1513727999999 13704962.211965 15593 85812.277 6196394.652746
1513728000000 69.59 80.0 56.0 76.879 202837.611 1513814399999 13676523.915517 15084 89442.065 6130750.511901
1513814400000 76.49 81.5 62.22 70.75 146532.971 1513900799999 10468680.670261 11447 79943.205 5763335.491975
1513900800000 70.506 71.685 42.0 55.365 364115.945 1513987199999 19826314.113906 22955 153076.813 8319626.804656
1513987200000 55.364 66.0 53.975 56.497 159410.55 1514073599999 9628124.762335 12861 85543.889 5183338.01993
1514073600000 55.222 58.498 48.65 58.34 142864.983 1514159999999 7674503.677721 14141 58911.35 3188166.344705
1514160000000 58.34 67.99 55.947 65.476 90735.532 1514246399999 5484715.640253 11724 49432.399 2999544.32638
1514246400000 65.5 67.738 61.08 65.231 88894.243 1514332799999 5677504.019576 12075 36705.395 2344256.920016
1514332800000 65.51 70.1 61.0 66.3 97680.051 1514419199999 6417955.6085 12378 43736.36 2888196.41716
1514419200000 66.299 66.922 56.0 64.48 125190.155 1514505599999 7528688.208679 12133 61488.078 3706781.365673
1514505600000 64.279 74.93 62.73 73.133 104557.455 1514591999999 7047493.784322 12057 64162.683 4330060.422252
1514592000000 73.333 74.244 60.0 70.783 149332.098 1514678399999 9901301.830979 17689 70950.809 4731745.873861
1514678400000 71.193 77.774 66.0 74.853 124362.869 1514764799999 9047326.945285 16496 68702.581 5038597.416744
1514764800000 74.854 80.0 71.05 78.299 81411.846 1514851199999 6134136.411203 11129 50901.677 3853451.408672
1514851200000 78.255 96.997 78.246 89.696 200642.887 1514937599999 17534972.070261 27808 112934.668 9831537.094044
1514937600000 89.6 104.885 85.3 103.505 157777.608 1515023999999 14650169.133746 26245 98702.932 9173816.033995
1515024000000 103.506 108.88 94.5 97.669 112336.601 1515110399999 11278997.502658 22000 56192.502 5661470.434551
1515110400000 97.669 106.997 88.0 95.134 136754.802 1515196799999 13318535.019045 22618 61601.299 6053180.219096
1515196800000 95.135 102.869 90.392 100.491 67541.119 1515283199999 6577322.757148 12657 37410.456 3655495.852297
1515283200000 100.092 109.0 97.0 103.096 51435.255 1515369599999 5320430.627084 9847 24749.116 2574961.903498
1515369600000 102.599 108.899 82.5 101.361 96541.847 1515455999999 9413613.003149 15885 45906.525 4506571.756306
1515456000000 101.262 131.0 100.879 126.7 163943.227 1515542399999 19437483.386169 25481 92295.056 10912213.587374
1515542400000 126.911 127.886 106.331 122.239 217513.907 1515628799999 25937804.820377 26260 97876.698 11651926.450281
1515628800000 122.871 125.0 91.1 107.701 172426.94 1515715199999 18824489.163833 24462 80142.829 8812399.618848
1515715200000 107.701 126.099 101.49 123.111 84911.316 1515801599999 10006065.03372 17125 44476.695 5241920.586243
1515801600000 123.111 149.98 119.0 139.777 114714.28 1515887999999 15536376.538965 21525 59997.317 8129802.038866
1515888000000 139.012 186.0 132.0 170.0 241962.311 1515974399999 36340525.256379 43338 140349.361 21225901.127943
1515974400000 170.0 198.6 143.39 189.382 404036.922 1516060799999 69455526.984865 78879 219133.267 37922519.196282
1516060800000 189.382 190.7 88.888 137.502 1191407.185 1516147199999 169770805.179852 142205 555993.415 79249066.333047
1516147200000 137.502 156.19 91.34 142.0 1578232.549 1516233599999 192840988.816438 173316 788966.572 96915417.87698
1516233600000 142.0 159.223 127.0 139.501 780008.366 1516319999999 112484258.121051 113672 382906.776 55369952.661028
1516320000000 138.657 148.25 126.31 139.523 420299.152 1516406399999 58568689.591567 65026 209706.193 29310230.793423
1516406400000 139.523 157.26 137.579 149.999 319117.756 1516492799999 46813710.647043 57277 160154.105 23547436.652516
1516492800000 150.287 151.0 124.0 132.589 301735.925 1516579199999 40967758.820065 57126 135492.602 18379615.798948
1516579200000 132.899 139.0 110.85 123.314 315449.808 1516665599999 39151978.423681 57663 150350.931 18664476.931121
1516665600000 123.347 131.0 108.5 122.77 288073.929 1516751999999 34733577.365563 52236 147969.456 17831280.977608
1516752000000 122.77 147.0 116.8 138.0 365376.365 1516838399999 48976884.014543 72290 196956.245 26312444.969064
1516838400000 138.0 148.329 135.07 138.024 218161.791 1516924799999 30719645.918738 45733 103314.739 14566773.200755
1516924800000 138.023 141.5 123.79 137.621 252032.465 1517011199999 33561954.785198 49671 121535.726 16204021.285013
1517011200000 137.7 143.0 134.268 141.959 110428.369 1517097599999 15362101.561349 25641 57751.789 8048378.00516
1517097600000 141.959 156.0 141.0 154.101 165493.158 1517183999999 24470272.893942 41096 93086.478 13770290.13573
1517184000000 154.1 169.2 148.7 168.289 283531.324 1517270399999 45218934.564727 72963 155522.648 24831116.38288
1517270400000 168.287 169.999 136.45 146.185 440562.694 1517356799999 67309328.819242 108487 203957.085 31297301.137145
1517356800000 146.185 147.9 132.901 146.488 243709.537 1517443199999 34456745.941323 60631 120245.06 17030031.177577
1517443200000 146.101 147.6 112.78 126.5 397262.992 1517529599999 51386327.592399 86267 186869.833 24142399.487892
1517529600000 126.5 132.03 93.94 121.155 763993.41 1517615999999 88030710.371593 136854 369136.888 42710767.119628
1517616000000 121.155 129.93 108.05 124.601 346512.532 1517702399999 42026476.25972 78504 166117.885 20153301.901669
1517702400000 124.601 125.0 100.64 107.025 355973.816 1517788799999 39665821.55324 73498 166840.991 18607343.014137
1517788800000 107.025 109.85 73.626 82.136 969744.83 1517875199999 86451828.936161 139217 449532.416 40004083.303439
1517875200000 82.137 110.21 64.3 103.534 1649845.116 1517961599999 140651077.783384 234327 836015.213 71439319.065303
1517961600000 103.535 119.5 93.0 102.337 1153333.09 1518047999999 125031451.836205 188986 571097.429 61994740.400747
1518048000000 102.003 111.0 101.302 109.2 36451.642 1518134399999 3907171.21099 5113 20741.795 2219271.794232
1518134400000 109.32 116.0 109.32 114.52 310399.422 1518220799999 35343194.588444 44906 173064.796 19731187.922746
1518220800000 114.572 119.79 100.301 107.3 484147.251 1518307199999 53375433.22414 102419 229809.359 25332232.207861
1518307200000 107.3 111.84 93.1 101.707 558336.262 1518393599999 57293725.790382 122683 276063.436 28277949.723163
1518393600000 101.661 115.12 101.661 111.89 491482.53 1518479999999 54572294.931622 107957 244241.317 27125662.820412
1518480000000 111.897 113.0 106.222 108.5 249026.013 1518566399999 27262159.287221 62554 122808.83 13449740.652498
1518566400000 108.384 123.0 108.23 122.001 363358.118 1518652799999 42089361.57412 90738 192846.141 22324905.294474
1518652800000 121.923 124.5 116.1 121.003 361031.833 1518739199999 43751493.622621 97690 174026.251 21105784.741306
1518739200000 121.003 129.45 117.601 127.415 267448.945 1518825599999 33061392.045967 81143 137754.959 17047267.609231
1518825600000 127.415 138.76 127.03 134.999 297993.945 1518911999999 39876614.968132 89999 148663.281 19882281.986978
1518912000000 134.999 136.878 120.748 125.121 299278.192 1518998399999 38243243.130755 90358 140296.548 17916048.32355
1518998400000 125.138 137.56 123.702 136.391 235288.119 1519084799999 31290204.150767 67888 129280.724 17189353.5312
1519084800000 136.391 140.849 123.8 124.66 300979.475 1519171199999 40242235.085683 85071 137375.183 18423863.09537
1519171200000 124.661 128.551 114.321 117.697 416877.348 1519257599999 50555587.782043 101687 193939.124 23522291.22856
1519257600000 117.69 125.85 109.001 111.478 415629.997 1519343999999 48128920.266815 91477 196161.83 22757207.936053
1519344000000 111.478 122.6 108.12 118.336 368180.6 1519430399999 42829211.724234 83438 199004.46 23124853.297134
1519430400000 118.519 123.999 110.521 115.25 282959.435 1519516799999 33046048.259632 62238 144203.41 16852360.299698
1519516800000 115.2 118.0 112.11 116.789 161241.435 1519603199999 18626665.486648 42723 93499.817 10796552.079412
1519603200000 116.8 136.9 115.4 134.402 467939.087 1519689599999 60305656.311683 90558 244071.497 31360499.00238
1519689600000 134.4 145.0 130.1 139.856 509343.173 1519775999999 71012773.892128 92243 267343.353 37323530.78258
1519776000000 140.29 143.995 129.5 131.7 366472.698 1519862399999 49764966.211237 83484 158087.558 21499354.523333
1519862400000 131.623 135.499 124.8 128.555 358987.805 1519948799999 46157840.695768 76800 170939.001 21998344.104498
1519948800000 128.593 130.2 121.597 123.58 171374.122 1520035199999 21464293.128344 44027 77698.966 9719982.818497
1520035200000 123.57 128.5 120.6 121.379 168554.349 1520121599999 21045044.34928 43854 71984.257 9018454.308561
1520121600000 121.38 125.0 115.3 119.3 227594.282 1520207999999 27251111.11068 57009 105654.948 12663898.413855
1520208000000 119.322 119.85 111.013 111.183 223296.022 1520294399999 25924581.752265 53971 69500.048 8086812.70054
1520294400000 111.17 114.848 101.65 104.357 404722.002 1520380799999 43544537.105803 80011 199265.307 21407712.321349
1520380800000 104.409 114.0 86.59 100.1 779626.205 1520467199999 79507598.826743 127922 355745.269 36253888.077531
1520467200000 100.07 102.116 89.01 90.402 442049.61 1520553599999 42086636.002738 78978 200460.594 19117242.530324
1520553600000 90.52 93.6 79.4 91.64 703642.561 1520639999999 60675989.042142 109192 350822.867 30283327.530257
1520640000000 91.64 93.8 84.07 84.73 373435.948 1520726399999 33679669.228738 71252 183531.373 16605241.031204
1520726400000 84.61 92.0 81.111 90.445 333691.122 1520812799999 29012789.719255 69718 175699.376 15299308.066298
1520812800000 90.445 92.7 83.0 85.25 290121.508 1520899199999 25469434.037269 62280 136730.9 12026836.400413
1520899200000 85.25 88.25 80.9 83.0 313261.867 1520985599999 26319669.283151 63289 155283.823 13080531.3984
1520985600000 82.985 84.7 68.0 71.2 447131.548 1521071999999 33731932.160116 71979 206654.147 15620917.156223
1521072000000 71.2 72.85 64.664 69.06 647759.517 1521158399999 44310450.353573 91051 333547.888 22828788.34107
1521158400000 69.0 71.7 65.5 67.288 400000.686 1521244799999 27443221.372564 53645 198924.164 13647777.598247
1521244800000 67.288 68.94 60.02 60.2 346708.71 1521331199999 22358380.099841 45274 170852.04 11033125.151772
1521331200000 60.2 68.32 48.78 65.2 1390876.96 1521417599999 79866676.495849 133157 680472.119 39089572.490602
1521417600000 65.2 73.394 62.226 72.53 1141470.907 1521503999999 76043368.975137 126378 603545.686 40313696.950247
1521504000000 72.485 79.8 66.4 75.713 932106.963 1521590399999 67937260.652905 106838 484181.472 35285808.374005
1521590400000 75.713 77.9 70.5 72.58 742100.257 1521676799999 55374698.445559 94508 365726.562 27305325.313564
1521676800000 72.517 75.019 66.001 69.289 665550.831 1521763199999 46742427.704704 78711 324674.095 22835346.473572
1521763200000 69.209 69.411 63.35 68.847 577187.138 1521849599999 38181885.425858 66663 272337.674 18028963.235082
1521849600000 68.867 70.2 65.01 65.225 389734.483 1521935999999 26464680.741303 52741 179040.66 12168331.272099
1521936000000 65.225 67.497 63.38 65.521 287118.892 1522022399999 18669632.849862 42483 136545.118 8893151.444975
1522022400000 65.645 66.2 55.132 58.879 641822.044 1522108799999 38080824.002102 73805 318846.817 18978544.840086
1522108800000 58.879 60.55 51.867 55.365 688834.662 1522195199999 38835517.198721 75460 366696.797 20617317.261332
1522195200000 55.365 60.01 54.865 57.165 320351.498 1522281599999 18420886.677267 43321 165810.867 9541913.65296
1522281600000 57.106 57.34 51.08 51.606 658039.602 1522367999999 35063556.206949 69221 282611.192 15105504.403253
1522368000000 51.678 53.998 48.8 50.296 787045.059 1522454399999 39834343.537094 75437 371313.448 18820065.422894
1522454400000 50.27 52.988 49.6 49.918 387569.925 1522540799999 19785937.659683 40408 190348.748 9735888.639312
1522540800000 49.918 50.549 44.691 47.25 418495.075 1522627199999 19882484.202317 44230 195964.643 9304630.876664
1522627200000 47.324 50.5 46.5 48.816 321028.941 1522713599999 15536897.522962 34673 161452.764 7823751.902684
1522713600000 48.798 53.999 48.4 53.273 428284.629 1522799999999 22212077.190337 45170 234591.137 12176965.626409
1522800000000 53.273 53.449 46.326 47.537 425901.102 1522886399999 20915498.567091 43680 194335.633 9559948.960618
1522886400000 47.537 48.32 45.5 46.954 298190.857 1522972799999 13926404.389628 34611 149200.017 6977381.364297
1522972800000 46.982 47.479 44.1 44.748 189649.155 1523059199999 8616938.719905 23592 84956.089 3863907.557554
1523059200000 44.748 47.981 44.62 46.592 219646.632 1523145599999 10268122.502665 23836 111235.069 5199980.809093
1523145600000 46.592 49.4 46.379 49.37 162289.595 1523231999999 7718144.897349 21903 89385.363 4256300.123001
1523232000000 49.319 57.375 48.9 53.02 1025335.889 1523318399999 53918383.114568 99868 514111.238 27036776.790798
1523318400000 53.041 53.286 49.199 52.734 364257.094 1523404799999 18701766.171653 42581 175002.658 8995013.873671
1523404800000 52.694 59.6 52.337 58.293 578614.292 1523491199999 32406553.467351 58268 310005.938 17369580.568383
1523491200000 58.315 67.408 54.32 67.15 1071889.268 1523577599999 65416291.838472 105323 557319.841 34078201.440843
1523577600000 67.089 68.59 61.25 62.269 750766.696 1523663999999 49211694.197244 81979 356075.513 23347496.013615
1523664000000 62.431 65.87 61.5 64.179 393477.038 1523750399999 25132617.389464 44266 183548.306 11730571.930253
1523750400000 64.125 70.875 64.0 70.617 424476.096 1523836799999 28963052.054774 46299 227590.858 15526708.543647
1523836800000 70.536 71.5 64.0 66.801 512701.791 1523923199999 34281166.515851 52180 241824.228 16196927.070693
1523923200000 66.897 70.3 65.25 65.66 330085.745 1524009599999 22285047.528027 36994 168928.671 11422686.473182
1524009600000 65.63 73.8 65.531 72.91 341104.914 1524095999999 23825070.52755 39221 191683.912 13384628.663222
1524096000000 72.909 75.125 70.5 73.949 356586.225 1524182399999 26020716.27337 43300 172944.041 12644047.342819
1524182400000 73.952 79.758 71.802 79.14 486616.213 1524268799999 36803619.135048 50940 259741.566 19669535.424453
1524268800000 79.13 79.75 70.26 74.748 568751.252 1524355199999 42615744.225766 55847 284721.082 21324399.234364
1524355200000 74.748 77.41 72.699 73.615 295209.364 1524441599999 22224302.550877 38972 139650.466 10528029.751135
1524441600000 73.615 78.039 73.321 76.2 242499.073 1524527999999 18471831.793849 32109 118597.858 9043909.747663
1524528000000 76.122 84.628 76.107 82.412 504812.04 1524614399999 40856501.238242 61735 265935.381 21482368.925465
1524614400000 82.412 82.915 68.211 71.549 845252.143 1524700799999 63035629.194811 90437 374105.266 27866564.700589
1524700800000 71.549 77.49 69.5 76.879 357513.672 1524787199999 26047157.467625 44632 186217.89 13590487.719089
1524787200000 76.879 77.41 71.997 72.318 306967.74 1524873599999 23106968.301871 38429 142685.806 10760048.609159
1524873600000 72.3 78.277 71.92 76.613 267303.311 1524959999999 20282648.769986 35316 138860.947 10538462.216913
1524960000000 76.451 92.493 75.5 90.6 770630.933 1525046399999 65212441.213441 93626 418528.849 35459404.147033
1525046400000 90.552 94.249 82.05 84.0 580543.028 1525132799999 50868546.265505 76733 262317.004 23023464.922855
1525132800000 83.895 85.257 77.812 84.104 419931.12 1525219199999 34073789.074969 50229 204856.711 16647860.075987
1525219200000 84.104 85.434 82.168 84.801 198956.343 1525305599999 16692512.683898 32142 91792.348 7705697.323168
1525305600000 84.889 90.0 83.111 87.707 381022.138 1525391999999 33022329.819898 57698 172335.141 14938886.045184
1525392000000 87.661 87.661 82.137 84.205 250032.202 1525478399999 21331792.522232 37088 103628.718 8842386.6023
1525478400000 84.181 86.5 83.876 84.5 160495.309 1525564799999 13705061.566627 24966 72088.195 6158893.633262
1525564800000 84.591 88.45 79.888 83.766 314776.56 1525651199999 26436357.704275 49071 150860.382 12674399.515321
1525651200000 83.68 83.854 76.1 79.129 309166.091 1525737599999 24252765.667145 45360 152348.434 11939468.799925
1525737600000 79.186 81.75 75.386 76.853 191764.245 1525823999999 14950865.15037 27921 90416.88 7045938.169072
1525824000000 76.826 77.272 72.333 76.158 166126.746 1525910399999 12461140.939443 25558 78914.805 5913397.975468
1525910400000 76.157 76.831 69.54 69.638 184251.023 1525996799999 13612519.429491 28272 71492.121 5294309.449616
1525996800000 69.65 70.34 67.66 69.87 54989.974 1526083199999 3799312.449321 7539 22732.966 1572756.459827
