1505174400000 0.003 0.00335 0.0027 0.002827 146493.53 1505260799999 428.87963552 8311 65123.29 191.04391158
1505260800000 0.002827 0.002828 0.002505 0.002736 170752.39 1505347199999 457.00649631 10275 83660.94 224.14839786
1505347200000 0.002742 0.002844 0.00235 0.002522 141042.15 1505433599999 371.00574622 10619 68290.3 180.58414006
1505433600000 0.002599 0.002818 0.002276 0.002721 130264.08 1505519999999 337.33613455 10265 56712.68 148.14659886
1505520000000 0.002721 0.002819 0.0026 0.002691 103568.27 1505606399999 281.20850654 10551 50288.68 136.69477544
1505606400000 0.002691 0.00279 0.002558 0.002699 99781.5 1505692799999 266.5051394 10042 53489.97 143.08650398
1505692800000 0.002699 0.0028 0.002673 0.002691 93279.78 1505779199999 254.27513277 9613 47960.32 130.82068422
1505779200000 0.002691 0.002728 0.002461 0.002523 97323.1 1505865599999 253.40432877 8923 50007.32 130.38743405
1505865600000 0.002546 0.002555 0.0023 0.002349 49088.22 1505951999999 121.24806265 6237 22681.38 56.17003339
1505952000000 0.002349 0.002461 0.002122 0.002254 64830.37 1506038399999 147.14036958 7412 23629.07 53.63287695
1506038400000 0.002254 0.002415 0.00221 0.002388 101301.7 1506124799999 233.51311595 11302 51113.08 117.93049753
1506124800000 0.002378 0.002468 0.002281 0.002376 99084.07 1506211199999 237.64864732 11205 48889.21 117.28517258
1506211200000 0.002377 0.002428 0.002251 0.002347 100033.02 1506297599999 235.0204926 11128 49481.29 116.43425268
1506297600000 0.002359 0.002635 0.002324 0.002544 167545.66 1506383999999 419.37961261 11913 88106.23 220.88274782
1506384000000 0.002543 0.002595 0.002464 0.002502 179640.8 1506470399999 455.08975738 11538 94840.91 240.64980454
1506470400000 0.002502 0.00262 0.002407 0.002471 191272.45 1506556799999 475.66294225 12410 96289.85 239.72078113
1506556800000 0.002458 0.002759 0.0024 0.002516 257098.31 1506643199999 651.05092781 14377 131121.35 332.07526041
1506643200000 0.002515 0.0026 0.002241 0.002329 222791.94 1506729599999 530.08089345 13276 109815.75 261.24177869
1506729600000 0.002328 0.002398 0.002204 0.002321 116566.14 1506815999999 271.82910768 6732 69360.57 162.09691144
1506816000000 0.002321 0.002321 0.002111 0.002217 55450.45 1506902399999 124.26145755 2884 25788.75 57.95587428
1506902400000 0.002224 0.002297 0.001985 0.00208 107643.4 1506988799999 229.93020663 3447 45896.77 97.7915753
1506988800000 0.00208 0.002237 0.001931 0.002136 125720.34 1507075199999 262.06004673 6579 61886.16 129.4261243
1507075200000 0.002134 0.002173 0.002004 0.002046 190505.89 1507161599999 395.69948672 11995 92993.91 193.36611274
1507161600000 0.002047 0.002097 0.001942 0.002036 191860.74 1507247999999 387.93095409 12224 103292.16 209.04172131
1507248000000 0.002036 0.00205 0.001935 0.001979 197989.31 1507334399999 393.75853739 12416 101363.85 201.89876312
1507334400000 0.001972 0.001992 0.00187 0.001918 207761.7 1507420799999 401.15221115 12832 113690.63 219.85642408
1507420800000 0.00192 0.001927 0.001649 0.001661 244971.22 1507507199999 447.56013444 14468 120400.87 220.53232438
1507507200000 0.001665 0.001794 0.001441 0.001599 234914.82 1507593599999 385.02843835 14539 120183.28 196.52774722
1507593600000 0.001571 0.00176 0.00147 0.001717 229654.82 1507679999999 372.52842885 14222 111537.24 181.31363366
1507680000000 0.001717 0.0021 0.001707 0.001934 316567.14 1507766399999 596.12659582 16391 133968.37 252.33608254
1507766400000 0.001918 0.00197 0.001509 0.001509 212772.12 1507852799999 357.89773647 10347 96465.58 162.20455646
1507852800000 0.001509 0.001579 0.001371 0.001476 293054.49 1507939199999 430.97624928 9951 137045.99 201.79541579
1507939200000 0.001476 0.001489 0.00136 0.001376 370882.18 1508025599999 532.90420669 9171 169130.64 243.54120258
1508025600000 0.001366 0.0015 0.001315 0.001394 373864.24 1508111999999 521.08555996 9345 165738.33 232.02011296
1508112000000 0.001394 0.0016 0.001226 0.001371 363234.94 1508198399999 500.58821524 10695 182702.0 252.14187981
1508198400000 0.001371 0.001481 0.001355 0.001425 383358.55 1508284799999 539.64767396 9712 207751.65 292.33683695
1508284800000 0.001425 0.00156 0.001399 0.001399 362848.46 1508371199999 526.08047609 9651 176220.44 255.66070088
1508371200000 0.001399 0.001463 0.001349 0.001367 400562.4 1508457599999 555.11488914 9419 224462.47 311.6888574
1508457600000 0.001367 0.001398 0.001189 0.00122 410901.44 1508543999999 540.89911743 9852 208082.26 273.90216598
1508544000000 0.00122 0.0013 0.001126 0.001232 423409.35 1508630399999 501.5539055 9283 257199.27 305.3842072
1508630400000 0.001231 0.001334 0.001225 0.001288 356180.67 1508716799999 459.08358189 9516 201121.92 259.62893153
1508716800000 0.001289 0.001326 0.0012 0.001298 333608.44 1508803199999 419.90678545 9891 165940.83 209.40174856
1508803200000 0.0013 0.001599 0.001282 0.001479 456896.95 1508889599999 674.05765224 12792 230278.8 339.78571568
1508889600000 0.001479 0.001494 0.001312 0.001326 347325.56 1508975999999 487.0944724 9593 163043.09 228.92589684
1508976000000 0.001327 0.00137 0.001245 0.0013 415161.14 1509062399999 544.9736314 10010 179027.06 236.22826767
1509062400000 0.001296 0.0014 0.00124 0.001296 463394.03 1509148799999 611.05758018 10687 234929.37 310.50948739
1509148800000 0.001295 0.001304 0.00124 0.001246 397326.51 1509235199999 507.81672119 9164 175097.6 224.17919563
1509235200000 0.001246 0.001282 0.00115 0.001178 408049.56 1509321599999 504.1859309 9813 219164.07 271.47247315
1509321600000 0.001182 0.001212 0.001151 0.001176 356478.85 1509407999999 421.60644739 9441 140177.08 166.20838164
1509408000000 0.001178 0.001199 0.001051 0.001054 365569.6 1509494399999 415.10091385 9693 144039.43 163.96839997
1509494400000 0.00105 0.001088 0.000842 0.000899 434778.44 1509580799999 431.54789174 12731 234387.94 232.91903296
1509580800000 0.000899 0.000977 0.000798 0.000889 638914.37 1509667199999 563.02013475 17202 317261.79 280.75058217
1509667200000 0.000889 0.000967 0.00083 0.000934 465244.7 1509753599999 414.35616402 11997 236076.53 210.78155077
1509753600000 0.000934 0.000986 0.00085 0.000874 427761.95 1509839999999 389.22120077 10339 217631.49 197.76848038
1509840000000 0.000872 0.000922 0.000815 0.000851 389585.81 1509926399999 330.98589087 10082 195215.13 166.08702222
1509926400000 0.000851 0.000967 0.00084 0.00093 444337.04 1510012799999 391.65516699 12680 220427.5 194.86008249
1510012800000 0.00093 0.00094 0.000881 0.000893 389322.13 1510099199999 353.44224146 10129 198304.49 179.83355127
1510099200000 0.000893 0.001227 0.000863 0.001037 608982.42 1510185599999 598.45443627 15240 248728.62 245.14281958
1510185600000 0.001037 0.001184 0.001026 0.001132 486920.0 1510271999999 543.52371554 11940 209507.65 234.59041804
1510272000000 0.001131 0.001139 0.001025 0.00107 448587.77 1510358399999 482.52349514 11141 222896.04 239.99493011
1510358400000 0.00107 0.001168 0.001051 0.001159 422996.82 1510444799999 467.10119277 11253 194291.6 214.90501232
1510444800000 0.001155 0.001164 0.00104 0.001121 495265.95 1510531199999 549.89284313 16311 250553.18 278.54660272
1510531200000 0.001121 0.00125 0.0011 0.001167 641910.24 1510617599999 751.40002303 19363 279098.87 327.02892562
1510617600000 0.001165 0.001196 0.00112 0.001196 454198.95 1510703999999 521.86023949 11817 201171.59 231.19492519
1510704000000 0.001195 0.001197 0.001001 0.001061 440259.63 1510790399999 484.16290987 11016 199460.4 220.01045903
1510790400000 0.00106 0.001069 0.000902 0.000909 476133.27 1510876799999 472.86257948 11843 240630.92 239.72604513
1510876800000 0.000909 0.001043 0.000877 0.000996 497440.67 1510963199999 463.08062271 12331 221681.83 206.93548103
1510963200000 0.000993 0.001134 0.000965 0.001024 684757.38 1511049599999 712.68432628 15377 327116.63 341.02893315
1511049600000 0.001024 0.001088 0.000935 0.000968 453881.62 1511135999999 462.95597762 11382 230140.95 234.81146276
1511136000000 0.000959 0.001002 0.00093 0.000978 432823.66 1511222399999 422.54020497 11275 200377.08 195.92612561
1511222400000 0.000975 0.000988 0.000917 0.000948 419298.7 1511308799999 400.35737221 10181 189610.86 181.36387933
1511308800000 0.000948 0.000967 0.00092 0.000965 409317.08 1511395199999 386.53131035 10549 195653.6 184.91201658
1511395200000 0.000966 0.00099 0.000934 0.000952 518917.16 1511481599999 497.49969929 11493 251556.06 241.56516496
1511481600000 0.000954 0.000964 0.00087 0.000923 485014.42 1511567999999 449.70523247 11921 225666.85 209.6341559
1511568000000 0.000923 0.00106 0.000922 0.000994 648194.41 1511654399999 638.57576816 15450 298578.63 294.35121434
1511654400000 0.001002 0.001003 0.000893 0.000911 548401.27 1511740799999 514.67379508 14190 263838.62 247.68256466
1511740800000 0.000912 0.000981 0.000891 0.00098 584729.09 1511827199999 545.86185175 18083 275692.97 257.48904365
1511827200000 0.000981 0.001025 0.000905 0.000946 610889.96 1511913599999 586.83429995 14990 300064.13 289.29244428
1511913600000 0.000945 0.000954 0.000781 0.000814 638542.53 1511999999999 537.95096176 17364 294583.63 248.35003831
1512000000000 0.000815 0.000873 0.000772 0.00081 459550.67 1512086399999 374.85426569 13486 222053.7 181.96007893
1512086400000 0.000811 0.000912 0.000795 0.000818 459302.39 1512172799999 384.55651111 11599 246789.83 206.84456255
1512172800000 0.000819 0.000904 0.00078 0.000849 459799.55 1512259199999 385.35300792 13407 213608.53 180.1876858
1512259200000 0.000848 0.000906 0.000817 0.00084 445044.91 1512345599999 381.45635562 12844 222735.33 191.85781684
1512345600000 0.00084 0.000917 0.000826 0.000909 382577.27 1512431999999 328.64554181 10881 217971.74 187.8671885
1512432000000 0.000902 0.000919 0.00083 0.000862 553635.55 1512518399999 481.53238054 14672 335331.09 291.82378289
1512518400000 0.000861 0.000864 0.000607 0.000624 601360.76 1512604799999 438.43295785 16003 313548.27 227.53731625
1512604800000 0.000625 0.000644 0.000449 0.000457 739495.06 1512691199999 413.83362001 17736 393492.49 223.25880219
1512691200000 0.000456 0.000615 0.000429 0.000519 832140.18 1512777599999 434.7300223 20041 330698.62 171.4658446
1512777600000 0.000515 0.00062 0.000514 0.000574 620425.42 1512863999999 359.65432242 15838 308397.36 178.87704417
1512864000000 0.000577 0.000615 0.0005 0.000524 615060.48 1512950399999 344.1883498 14738 267842.69 150.54285261
1512950400000 0.000524 0.000595 0.000502 0.000542 791816.7 1513036799999 419.50636161 16366 346293.02 184.09561592
1513036800000 0.000542 0.00063 0.000522 0.000604 1159438.59 1513123199999 675.68229601 22296 548474.93 319.94476314
1513123200000 0.000604 0.000705 0.000575 0.000657 1011382.21 1513209599999 646.21197666 23025 440778.03 282.4118639
1513209600000 0.000657 0.000716 0.000624 0.00069 969918.57 1513295999999 652.42476985 22413 466319.95 315.1555485
1513296000000 0.000692 0.000713 0.000535 0.000675 873769.81 1513382399999 535.55495854 20467 368032.34 225.59679548
1513382400000 0.000675 0.00104 0.000667 0.000738 2234312.49 1513468799999 1767.77634646 47785 1028514.51 815.73703554
1513468800000 0.000738 0.000925 0.000693 0.000813 1623925.77 1513555199999 1304.87017334 36859 753516.53 606.91504836
1513555200000 0.000816 0.001 0.000798 0.000973 1259410.44 1513641599999 1144.84897511 36506 545099.27 494.64994408
1513641600000 0.000975 0.0012 0.000964 0.001042 1485245.42 1513727999999 1597.16773092 44059 692215.6 744.32485044
1513728000000 0.001042 0.0011 0.00093 0.001089 1010762.4 1513814399999 1033.88496643 32865 451952.93 461.90390485
1513814400000 0.001094 0.001143 0.00103 0.001097 931752.56 1513900799999 1008.40839391 28662 454330.12 491.38462586
1513900800000 0.001091 0.001127 0.000841 0.000957 1353306.91 1513987199999 1287.50946982 38914 629403.87 599.07394872
1513987200000 0.000957 0.00107 0.00095 0.00101 758224.57 1514073599999 759.84683526 24347 385075.19 386.24112948
1514073600000 0.001009 0.00107 0.00095 0.001048 620513.02 1514159999999 614.39648264 19105 281661.16 279.77254772
1514160000000 0.001045 0.00114 0.001044 0.001124 833227.55 1514246399999 911.39514625 25146 439038.59 480.50896919
1514246400000 0.001124 0.001124 0.000907 0.000959 857860.01 1514332799999 859.95110051 24582 412267.84 412.33324022
1514332800000 0.000959 0.000997 0.000931 0.000965 656024.37 1514419199999 632.45729973 22368 332610.83 320.95425401
1514419200000 0.000965 0.001078 0.000931 0.001051 621045.63 1514505599999 610.12339415 22573 323727.0 318.86947631
1514505600000 0.00105 0.00115 0.001005 0.001106 902445.68 1514591999999 966.2587442 29426 420513.77 449.54249613
1514592000000 0.001109 0.00134 0.001048 0.001328 961734.63 1514678399999 1082.98825844 33552 505230.72 572.86838175
1514678400000 0.001336 0.001668 0.001174 0.001434 2045476.12 1514764799999 2832.21164141 70935 992713.56 1381.90695751
1514764800000 0.001432 0.00155 0.001356 0.001436 935948.38 1514851199999 1347.43739375 39199 448692.38 647.03977305
1514851200000 0.001434 0.0016 0.00115 0.001365 1288915.1 1514937599999 1816.61662333 52856 654128.05 923.56723334
1514937600000 0.001365 0.001529 0.001248 0.001356 886300.83 1515023999999 1180.23089179 39402 442691.16 590.62859947
1515024000000 0.001355 0.001514 0.001284 0.001301 1038146.02 1515110399999 1434.19142577 47843 500084.05 693.00985424
1515110400000 0.001301 0.001367 0.001031 0.001092 1018823.82 1515196799999 1235.92766083 40705 517049.42 626.07004845
1515196800000 0.001094 0.001219 0.00105 0.00112 890075.0 1515283199999 1017.6722872 33512 409223.84 468.92422854
1515283200000 0.00112 0.00151 0.001118 0.001509 1660172.73 1515369599999 2237.43480345 58266 754287.27 1017.19481265
1515369600000 0.001509 0.001825 0.001442 0.001587 1915261.3 1515455999999 3140.67216116 82766 981357.45 1611.49537488
1515456000000 0.001588 0.001796 0.001542 0.001751 1089931.94 1515542399999 1801.51697218 49796 534961.73 886.46595666
1515542400000 0.001754 0.00177 0.00155 0.001561 768707.15 1515628799999 1271.7377291 37060 378337.85 627.32528663
1515628800000 0.001567 0.001743 0.00146 0.001606 767856.89 1515715199999 1238.0734804 38699 385473.66 622.28526786
1515715200000 0.001608 0.00168 0.001545 0.001642 467035.45 1515801599999 754.03065653 23708 237576.18 383.15839575
1515801600000 0.001642 0.00185 0.001599 0.001805 737616.77 1515887999999 1275.49972915 37546 323994.6 560.36375567
1515888000000 0.001802 0.00185 0.00167 0.001734 493956.24 1515974399999 852.28148364 22239 270073.99 466.29328866
1515974400000 0.001734 0.00182 0.001579 0.001649 477583.35 1516060799999 802.89914745 23897 204747.96 343.92434861
1516060800000 0.001644 0.00167 0.001351 0.001528 707088.69 1516147199999 1098.58156171 32359 324620.01 506.30148119
1516147200000 0.001528 0.001675 0.001311 0.001641 777367.85 1516233599999 1143.98468413 35302 387047.82 570.81458507
1516233600000 0.001641 0.0017 0.00154 0.00157 600175.98 1516319999999 970.54046414 30732 277460.3 449.82846351
1516320000000 0.00157 0.001635 0.00153 0.001605 509774.86 1516406399999 809.14471855 23808 266419.94 423.26621433
1516406400000 0.001599 0.001671 0.001448 0.00154 509661.64 1516492799999 792.67486932 25623 234175.58 364.8849074
1516492800000 0.00154 0.001584 0.001452 0.00149 372543.96 1516579199999 559.47998824 17127 176018.44 264.45758582
1516579200000 0.00149 0.001538 0.001394 0.001445 483658.19 1516665599999 707.03902435 21908 227131.84 332.50785823
1516665600000 0.001441 0.001543 0.00141 0.001481 408249.36 1516751999999 597.50508732 20982 181162.81 265.34950831
1516752000000 0.001481 0.00168 0.001455 0.001579 714000.27 1516838399999 1114.18341461 31701 349063.5 545.11934502
1516838400000 0.001579 0.001666 0.00151 0.001607 670728.65 1516924799999 1062.96084878 34152 310131.05 491.35717575
1516924800000 0.001607 0.001641 0.001429 0.001495 981863.64 1517011199999 1474.63983239 45307 429560.24 647.33231708
1517011200000 0.001496 0.001516 0.001381 0.001426 795446.09 1517097599999 1147.89792882 31247 354795.9 511.98888089
1517097600000 0.001427 0.001472 0.001352 0.00146 608003.03 1517183999999 861.88438701 30154 289723.32 410.743202
1517184000000 0.001454 0.001516 0.001426 0.001505 407295.37 1517270399999 595.3865685 22181 202234.96 295.4999772
1517270400000 0.001505 0.001595 0.001438 0.001457 679632.95 1517356799999 1041.52521273 38047 343733.0 529.63195974
1517356800000 0.001462 0.001595 0.001407 0.001555 405229.32 1517443199999 607.18866304 25969 189498.34 284.58760177
1517443200000 0.001553 0.00157 0.001434 0.001508 378539.84 1517529599999 566.49580286 24735 155878.8 233.10272559
1517529600000 0.001508 0.001512 0.001294 0.001485 627263.5 1517615999999 902.1633859 31192 213630.36 306.83113117
1517616000000 0.001485 0.001539 0.001443 0.001524 241159.37 1517702399999 361.24535113 15347 104043.14 156.02469074
1517702400000 0.001527 0.001547 0.001407 0.001412 264662.06 1517788799999 386.30216462 16164 122509.42 179.0102627
1517788800000 0.00141 0.001479 0.001265 0.001323 390482.09 1517875199999 532.80947946 20007 178498.56 244.45536045
1517875200000 0.001324 0.00147 0.001197 0.00147 472820.67 1517961599999 628.28738065 24699 209473.62 279.2099819
1517961600000 0.001471 0.001524 0.001388 0.001418 314843.15 1518047999999 459.13441383 19305 154318.94 225.22989171
1518048000000 0.001417 0.00145 0.001417 0.001449 3982.28 1518134399999 5.71896999 287 2571.99 3.69004795
1518134400000 0.001448 0.001517 0.001435 0.001506 143821.05 1518220799999 214.28788027 7732 69387.13 103.54844139
1518220800000 0.001505 0.001513 0.0014 0.001449 335132.84 1518307199999 489.79569851 18656 124011.32 181.59268544
1518307200000 0.001444 0.001504 0.001369 0.001457 327442.02 1518393599999 470.43878036 16287 159576.12 228.68576089
1518393600000 0.001455 0.001474 0.001413 0.001436 210013.77 1518479999999 303.39111278 11351 71519.5 103.59759381
1518480000000 0.001436 0.001519 0.001436 0.001505 252657.71 1518566399999 370.9251397 12515 127641.63 187.79936189
1518566400000 0.0015 0.001699 0.001499 0.001656 926698.12 1518652799999 1497.1743603 50067 467458.02 754.91178072
1518652800000 0.001659 0.001665 0.00151 0.001638 450869.24 1518739199999 716.20496252 30622 206716.77 329.18434895
1518739200000 0.001638 0.001807 0.001625 0.001776 608714.81 1518825599999 1045.0259171 43947 323702.62 557.24360534
1518825600000 0.001773 0.001786 0.00164 0.001649 375735.06 1518911999999 636.32440467 28247 165890.75 281.56475043
1518912000000 0.001652 0.00175 0.001549 0.001566 270415.11 1518998399999 431.59348982 17759 123987.77 198.40601837
1518998400000 0.001571 0.001677 0.001524 0.001569 482202.96 1519084799999 773.41897202 26950 235760.5 376.48174257
1519084800000 0.001568 0.001703 0.001543 0.001606 847052.19 1519171199999 1382.49055551 43685 382782.96 625.06970602
1519171200000 0.00161 0.00175 0.001581 0.001681 766445.9 1519257599999 1277.20153613 44177 385515.38 643.18917982
1519257600000 0.001684 0.001707 0.001597 0.001659 359864.48 1519343999999 596.0994148 22749 158048.66 261.94349821
1519344000000 0.001658 0.001756 0.001605 0.001704 353728.8 1519430399999 594.13916173 21462 175173.39 294.21569058
1519430400000 0.0017 0.001761 0.00166 0.001699 307796.22 1519516799999 524.9816783 19438 144461.1 246.53432732
1519516800000 0.001698 0.001769 0.001611 0.001725 305574.79 1519603199999 528.38159273 15645 152309.14 263.8391972
1519603200000 0.001724 0.001747 0.001665 0.001728 359725.49 1519689599999 615.13262606 13945 172283.31 295.25579331
1519689600000 0.001728 0.00196 0.001718 0.001873 1125830.02 1519775999999 2074.26966553 52716 514644.54 951.236697
1519776000000 0.001873 0.001957 0.001761 0.001774 901331.65 1519862399999 1684.06826301 43901 413519.17 773.16436682
1519862400000 0.001774 0.001877 0.001717 0.00175 479528.54 1519948799999 858.37131 27200 233708.44 418.8920679
1519948800000 0.001752 0.001766 0.001628 0.001668 394787.24 1520035199999 662.07287936 20215 186302.45 312.62879866
1520035200000 0.001675 0.001727 0.001505 0.001548 387573.13 1520121599999 619.42430176 18823 163434.91 260.66459823
1520121600000 0.001553 0.001646 0.001504 0.001559 327033.43 1520207999999 512.48888784 18301 161373.56 252.27668847
1520208000000 0.00156 0.001574 0.001467 0.001492 354230.59 1520294399999 537.64580885 15867 196529.15 298.30396687
1520294400000 0.001492 0.001512 0.001429 0.00147 278261.38 1520380799999 408.69999681 12862 135497.75 198.93545006
1520380800000 0.00147 0.00155 0.001387 0.001456 464833.72 1520467199999 679.6975891 22246 182921.09 267.12802848
1520467200000 0.001458 0.00152 0.00143 0.001462 377981.29 1520553599999 555.13200981 17898 181785.2 267.12857544
1520553600000 0.001467 0.001635 0.001372 0.00161 483743.8 1520639999999 708.28035007 24586 247485.31 363.63947627
1520640000000 0.00161 0.001639 0.001495 0.001523 332729.5 1520726399999 521.25750247 21596 161546.69 253.22257676
1520726400000 0.001521 0.001558 0.001491 0.001529 160439.15 1520812799999 244.63792436 10351 71843.62 109.59513018
1520812800000 0.001529 0.001541 0.001457 0.001498 197645.04 1520899199999 294.88504424 8781 80004.7 119.33795432
1520899200000 0.001495 0.00152 0.001435 0.001492 255658.21 1520985599999 376.59967607 13098 108721.87 160.85015193
1520985600000 0.001499 0.001501 0.001402 0.001417 261802.95 1521071999999 380.1772731 12207 109668.39 159.63309281
1521072000000 0.001422 0.001429 0.001311 0.00137 551301.33 1521158399999 753.09308813 23411 246224.0 336.86418883
1521158400000 0.001366 0.001391 0.001339 0.001348 432282.9 1521244799999 589.71476563 13626 202248.36 276.22316041
1521244800000 0.001348 0.001357 0.001232 0.001233 447679.1 1521331199999 584.51857945 15114 211190.4 276.61503042
1521331200000 0.001235 0.00129 0.001134 0.001274 666901.39 1521417599999 802.05947514 22937 329724.78 397.01133838
1521417600000 0.001273 0.001351 0.001221 0.001339 668670.64 1521503999999 852.94223055 23547 339518.71 433.41056117
1521504000000 0.001336 0.001409 0.001268 0.001358 688159.38 1521590399999 925.71115813 26823 336787.81 452.45087395
1521590400000 0.001357 0.001397 0.001302 0.001329 559952.85 1521676799999 755.81644301 18987 267903.52 361.88289662
1521676800000 0.001329 0.001378 0.001258 0.001318 586786.16 1521763199999 775.38274187 21702 290104.95 383.74080814
1521763200000 0.001321 0.00133 0.00125 0.001288 508999.24 1521849599999 652.36497619 18663 252660.74 323.99531767
1521849600000 0.001289 0.001339 0.001267 0.001299 518930.08 1521935999999 672.74575347 17851 274563.89 356.22820951
1521936000000 0.001299 0.001308 0.001264 0.001281 432169.23 1522022399999 554.83330693 14979 220574.56 283.32734388
1522022400000 0.001281 0.001288 0.00119 0.001265 632434.76 1522108799999 785.52272095 22556 345455.67 429.54029757
1522108800000 0.001259 0.001271 0.0012 0.00124 561032.45 1522195199999 692.83183902 18148 263443.15 325.79194476
1522195200000 0.001244 0.00128 0.001213 0.001219 487827.75 1522281599999 606.10172862 16899 217098.37 270.00638345
1522281600000 0.001218 0.001234 0.001162 0.001184 504219.67 1522367999999 601.43989311 20116 247347.09 295.36574322
1522368000000 0.001184 0.001225 0.001101 0.001207 551043.24 1522454399999 658.8112246 17450 261117.05 313.10697295
1522454400000 0.00121 0.001233 0.001155 0.001183 365103.94 1522540799999 436.52258775 14622 160601.03 192.11884954
1522540800000 0.001183 0.001213 0.001153 0.001186 536195.64 1522627199999 632.30636952 19175 238304.94 281.01425989
1522627200000 0.001186 0.001349 0.001175 0.001237 976501.15 1522713599999 1211.48577066 36451 462281.81 573.90359818
1522713600000 0.001237 0.001305 0.001227 0.001273 669934.87 1522799999999 844.56016075 24800 294414.1 372.01742698
1522800000000 0.001273 0.001281 0.001184 0.001207 548503.53 1522886399999 676.32542504 20369 260614.33 321.84523076
1522886400000 0.001207 0.001424 0.001205 0.001303 1491203.47 1522972799999 1956.518154 53482 776263.63 1021.32850119
1522972800000 0.001306 0.001455 0.001294 0.001403 1319064.36 1523059199999 1818.12396501 44581 587336.95 812.34406625
1523059200000 0.001402 0.001405 0.001335 0.001356 624467.23 1523145599999 850.17224507 24576 278967.69 379.94672984
1523145600000 0.001357 0.001375 0.001311 0.00136 434869.63 1523231999999 583.28368211 17986 202567.42 271.66504558
1523232000000 0.00136 0.00138 0.001327 0.001342 517919.48 1523318399999 700.65383116 18867 241522.03 326.96543213
1523318400000 0.001343 0.001358 0.001312 0.001353 446502.18 1523404799999 597.30215454 15991 174390.82 234.10223935
1523404800000 0.001353 0.00141 0.001341 0.001408 626345.98 1523491199999 855.68370162 21627 324065.02 443.39738318
1523491200000 0.00141 0.0017 0.001346 0.00153 1817139.48 1523577599999 2695.46581765 71828 895174.72 1329.74945541
1523577600000 0.001526 0.00207 0.001486 0.001616 3969279.63 1523663999999 7051.05349102 148015 1960742.53 3491.14042602
1523664000000 0.001616 0.001815 0.001614 0.001728 1042617.16 1523750399999 1784.08845482 46759 491627.18 840.90948573
1523750400000 0.001726 0.001779 0.001614 0.001698 756448.76 1523836799999 1294.32732055 36857 367975.49 630.40190771
1523836800000 0.001699 0.001969 0.001629 0.00192 1731856.58 1523923199999 3170.65551015 76999 860293.88 1578.01623527
1523923200000 0.001921 0.001977 0.001782 0.001802 1212451.25 1524009599999 2245.01556488 62633 609177.66 1128.96044294
1524009600000 0.001803 0.001861 0.0018 0.001848 699074.33 1524095999999 1279.39574195 32878 361440.61 662.13686127
1524096000000 0.001854 0.00198 0.001821 0.001895 935122.18 1524182399999 1754.58983673 50222 475040.26 892.24201433
1524182400000 0.001892 0.001967 0.001805 0.001838 837999.38 1524268799999 1575.64852511 48973 436612.84 822.29696132
1524268800000 0.001838 0.00184 0.001654 0.001719 844809.68 1524355199999 1476.76583424 40526 401435.06 700.71072691
1524355200000 0.001721 0.00178 0.001707 0.001721 476510.87 1524441599999 830.98516592 26405 237605.48 414.47885344
1524441600000 0.001718 0.00179 0.001714 0.001773 562851.64 1524527999999 985.27315968 28244 269843.12 472.31886094
1524528000000 0.001773 0.001986 0.001733 0.001863 1337078.22 1524614399999 2496.84939655 72244 670929.39 1257.46912546
1524614400000 0.001863 0.001869 0.001655 0.001762 1218759.82 1524700799999 2134.65278954 58318 596995.87 1045.70019978
1524700800000 0.001763 0.002453 0.001735 0.001959 4499838.27 1524787199999 9597.34488979 184455 2170186.46 4630.74131707
1524787200000 0.001958 0.002052 0.00194 0.001942 977974.67 1524873599999 1949.73826797 52354 457645.08 913.46118152
1524873600000 0.001945 0.001978 0.0019 0.001939 673275.95 1524959999999 1305.83905252 39120 332570.78 645.36292314
1524960000000 0.001939 0.001976 0.001859 0.001934 888555.76 1525046399999 1710.61999486 53622 434421.29 835.77708259
1525046400000 0.001935 0.001935 0.00182 0.001845 691781.81 1525132799999 1301.60998972 40969 341778.26 643.45266796
1525132800000 0.001846 0.001895 0.001798 0.001872 566580.42 1525219199999 1040.41306 31239 275171.13 505.16272825
1525219200000 0.001871 0.001891 0.001838 0.001875 546462.88 1525305599999 1017.78607742 29015 269193.49 501.72649606
1525305600000 0.001874 0.002068 0.001857 0.001881 1301586.17 1525391999999 2553.22171417 67152 551880.22 1080.50790129
1525392000000 0.001883 0.0019 0.00179 0.001842 612838.84 1525478399999 1131.07126406 32373 297626.92 549.43234022
1525478400000 0.001841 0.00185 0.001768 0.00177 484452.39 1525564799999 870.59035327 27212 236189.37 424.7353815
1525564800000 0.001768 0.001795 0.00174 0.001758 385807.32 1525651199999 679.6232956 23837 174862.15 308.31815837
1525651200000 0.001758 0.001808 0.001687 0.001779 573685.15 1525737599999 1001.58955454 35926 277699.18 485.12917811
1525737600000 0.001783 0.001799 0.001699 0.00174 429552.33 1525823999999 754.44039306 27702 221327.33 388.2741029
1525824000000 0.00174 0.001801 0.001691 0.001729 506360.58 1525910399999 879.29708641 28538 228623.35 397.16362076
1525910400000 0.001726 0.00175 0.001695 0.001695 410741.88 1525996799999 707.70981117 22954 189139.59 326.14004565
1525996800000 0.001699 0.001705 0.001668 0.001673 71914.78 1526083199999 121.08576186 5031 35980.38 60.61966107
