1505174400000 0.05 0.05 0.038107 0.04 28616.09 1505260799999 1195.53041047 837 12390.44 532.64553242
1505260800000 0.04 0.041598 0.036 0.038368 8775.4 1505347199999 334.08103967 507 3948.03 150.96534546
1505347200000 0.038601 0.039835 0.034 0.037 14966.89 1505433599999 556.29235699 660 4758.76 180.80600969
1505433600000 0.037 0.041 0.0338 0.039011 13217.9 1505519999999 494.32518838 590 5859.55 225.09800144
1505520000000 0.039011 0.041176 0.038057 0.03969 7433.86 1505606399999 291.15148115 380 3293.95 129.56210342
1505606400000 0.03969 0.03969 0.036846 0.0387 7414.7 1505692799999 283.89052362 481 5601.7 214.71174864
1505692800000 0.0387 0.0387 0.035148 0.037 4570.1 1505779199999 170.51913405 318 1940.13 72.77764225
1505779200000 0.036999 0.037768 0.0345 0.036068 6537.12 1505865599999 235.25213447 316 1363.54 49.90455312
1505865600000 0.034535 0.03593 0.032 0.032102 4763.22 1505951999999 160.05644764 343 1043.73 35.02093717
1505952000000 0.032001 0.034211 0.0301 0.031188 4536.95 1506038399999 143.59937501 285 761.55 24.55009574
1506038400000 0.031188 0.034667 0.030493 0.03343 6144.79 1506124799999 197.55447361 273 3446.42 112.89611315
1506124800000 0.033303 0.034354 0.031001 0.0316 13367.13 1506211199999 424.47815677 253 5179.47 167.33699617
1506211200000 0.03226 0.03226 0.0277 0.03045 19105.63 1506297599999 566.29348645 527 9254.39 279.47641285
1506297600000 0.030549 0.035 0.0305 0.033511 4055.89 1506383999999 137.16800284 157 3033.16 102.99810672
1506384000000 0.033659 0.034878 0.033001 0.033201 7182.98 1506470399999 245.1563474 310 3609.17 122.74482657
1506470400000 0.033285 0.034749 0.03 0.0339 15667.85 1506556799999 498.05648651 308 3075.63 100.95108175
1506556800000 0.033101 0.0379 0.032 0.034 15343.91 1506643199999 532.36800622 718 8637.98 300.9447296
1506643200000 0.034201 0.036 0.032 0.032511 8247.51 1506729599999 277.00098365 400 2568.55 87.32350183
1506729600000 0.032511 0.034929 0.03151 0.033161 6526.04 1506815999999 214.36038458 336 2518.67 83.31481684
1506816000000 0.033161 0.033906 0.0305 0.031501 21621.79 1506902399999 693.88361281 1080 11045.82 352.85555682
1506902400000 0.031502 0.0332 0.02767 0.030401 23517.02 1506988799999 729.69755504 783 10733.09 336.24548001
1506988800000 0.030401 0.032222 0.028002 0.031458 21715.87 1507075199999 646.64527604 585 5917.99 182.87694392
1507075200000 0.031461 0.032 0.028901 0.029301 11251.13 1507161599999 339.62639291 422 2747.12 84.26206782
1507161600000 0.029792 0.03108 0.028228 0.029601 11936.13 1507247999999 349.73438573 451 4765.68 141.17067195
1507248000000 0.02975 0.02999 0.02798 0.02798 13629.65 1507334399999 393.03558287 753 3168.52 91.46038921
1507334400000 0.02798 0.02798 0.026243 0.027232 24637.05 1507420799999 669.82240638 936 10945.56 298.47769467
1507420800000 0.027232 0.027658 0.02457 0.025 62239.64 1507507199999 1647.76944999 1993 34288.22 913.05232925
1507507200000 0.025 0.027 0.0241 0.0249 54852.4 1507593599999 1381.65580298 2457 14339.15 368.30881992
1507593600000 0.024907 0.0286 0.024508 0.02713 54563.3 1507679999999 1410.14157109 2844 34400.75 898.19285477
1507680000000 0.027111 0.032 0.027026 0.03045 61752.37 1507766399999 1856.02210855 2509 34729.69 1049.31263869
1507766400000 0.030788 0.031102 0.026711 0.027001 30489.71 1507852799999 859.33702356 1465 12108.16 343.74684541
1507852800000 0.027006 0.028095 0.023201 0.024893 33703.89 1507939199999 852.72079412 1443 9870.14 247.34950587
1507939200000 0.024729 0.025093 0.023201 0.0234 21899.79 1508025599999 520.84215574 1066 9553.84 228.64824898
1508025600000 0.023254 0.02499 0.022521 0.02367 28238.32 1508111999999 667.35380806 962 14144.63 338.1455429
1508112000000 0.023817 0.024599 0.022001 0.0237 34122.04 1508198399999 777.89972211 1204 9378.87 215.68634179
1508198400000 0.0237 0.026092 0.023244 0.0252 31946.6 1508284799999 787.32292215 1042 15032.6 371.76873073
1508284800000 0.02524 0.027598 0.02475 0.0253 24447.22 1508371199999 630.41386062 910 11290.37 290.12066454
1508371200000 0.0253 0.0265 0.024785 0.025201 20654.65 1508457599999 522.09077414 641 5778.05 147.27642824
1508457600000 0.025208 0.025969 0.023908 0.02403 29963.02 1508543999999 746.46024319 953 6613.71 166.57675174
1508544000000 0.024032 0.0253 0.0236 0.024457 33104.73 1508630399999 799.99650464 909 6747.48 165.13529243
1508630400000 0.024532 0.026667 0.024321 0.026015 21101.61 1508716799999 543.08701697 715 11182.28 287.86347894
1508716800000 0.0261 0.027795 0.02501 0.027115 28947.89 1508803199999 758.93215328 918 9868.11 259.36448923
1508803200000 0.027116 0.02844 0.02621 0.027362 62655.76 1508889599999 1722.33113226 1721 30975.37 858.10619514
1508889600000 0.027769 0.027769 0.0256 0.0257 52511.26 1508975999999 1386.56087958 1576 13968.78 369.31928497
1508976000000 0.025625 0.026689 0.025101 0.02616 29103.76 1509062399999 752.53920444 663 14966.57 389.80492182
1509062400000 0.025723 0.02745 0.025001 0.025512 41078.14 1509148799999 1083.95091407 1405 21240.13 565.27368931
1509148800000 0.025433 0.0261 0.024374 0.024374 50822.65 1509235199999 1272.16902506 861 15098.52 378.74819798
1509235200000 0.024377 0.025 0.023101 0.023575 35777.94 1509321599999 860.56949417 912 11389.82 275.89261998
1509321600000 0.024032 0.024248 0.023 0.0235 61340.51 1509407999999 1437.15996697 1224 30554.71 714.22695113
1509408000000 0.0237 0.024 0.0225 0.0225 35989.36 1509494399999 833.51021375 996 9591.22 223.84375445
1509494400000 0.0224 0.023083 0.020577 0.021 88878.73 1509580799999 1923.44217387 2247 26537.61 572.90601685
1509580800000 0.02123 0.023629 0.0195 0.02175 94940.05 1509667199999 2036.40787163 2891 38538.91 834.95116654
1509667200000 0.022545 0.023289 0.021 0.022 44851.35 1509753599999 983.19761588 1266 16518.44 364.52277799
1509753600000 0.022 0.02319 0.02126 0.021301 36807.91 1509839999999 815.44686332 950 12649.6 281.58936698
1509840000000 0.021766 0.021767 0.0208 0.021477 35877.6 1509926399999 762.35529732 964 14163.66 302.17080692
1509926400000 0.021087 0.022317 0.020852 0.02206 35759.49 1510012799999 762.92901857 960 14975.37 320.93865818
1510012800000 0.021641 0.022345 0.021251 0.0216 35625.04 1510099199999 775.49399669 1064 14883.49 326.60840738
1510099200000 0.0216 0.02728 0.021503 0.025289 88091.22 1510185599999 2140.27779903 2804 50583.14 1241.31326588
1510185600000 0.025288 0.02649 0.0247 0.0259 75283.68 1510271999999 1919.39342474 1959 40778.92 1042.08560263
1510272000000 0.025847 0.025847 0.023 0.023666 60324.34 1510358399999 1454.4101606 1407 26377.52 640.28952122
1510358400000 0.023666 0.024832 0.022429 0.02333 37289.13 1510444799999 874.41379789 1044 15259.73 361.11569888
1510444800000 0.02333 0.023451 0.0206 0.0218 183879.59 1510531199999 4082.83734981 6415 90901.51 2040.96840328
1510531200000 0.02178 0.024999 0.021144 0.024456 144486.88 1510617599999 3394.18127344 4301 50104.69 1178.69453756
1510617600000 0.02395 0.0245 0.022 0.023398 73205.3 1510703999999 1692.08619094 2787 29655.92 682.28799636
1510704000000 0.023398 0.023769 0.022111 0.023115 63525.48 1510790399999 1468.12731521 1588 31538.14 731.59770591
1510790400000 0.023174 0.023284 0.02055 0.021577 85755.67 1510876799999 1928.31503846 2105 29245.87 663.2037635
1510876800000 0.021577 0.023434 0.021187 0.023004 79150.32 1510963199999 1743.85939348 2181 39280.65 869.30535549
1510963200000 0.023028 0.026 0.0224 0.02278 130121.81 1511049599999 3129.8237242 3314 72187.71 1744.07463053
1511049600000 0.023165 0.02358 0.0217 0.022187 62439.69 1511135999999 1404.8111622 1675 23245.24 522.92201602
1511136000000 0.02199 0.022535 0.021 0.021886 70268.51 1511222399999 1540.08240907 1645 30307.17 666.26454476
1511222400000 0.021778 0.022013 0.02066 0.021311 62736.54 1511308799999 1340.44105394 1740 30871.52 661.87187018
1511308800000 0.021045 0.0217 0.02067 0.020875 57667.88 1511395199999 1218.83809982 1577 23923.41 507.37028577
1511395200000 0.02089 0.021355 0.018001 0.018847 62358.26 1511481599999 1229.19740189 1844 26982.72 533.14090083
1511481600000 0.018847 0.019003 0.0156 0.01599 66335.1 1511567999999 1161.23880246 2279 32462.79 566.5198459
1511568000000 0.015991 0.019189 0.015821 0.018888 127367.77 1511654399999 2276.14371289 3515 65851.09 1183.0503163
1511654400000 0.018918 0.0191 0.017918 0.017991 118272.71 1511740799999 2194.48641311 3386 63301.49 1178.7983422
1511740800000 0.017991 0.02 0.0179 0.02 93866.03 1511827199999 1774.82334053 3382 50789.75 965.67448058
1511827200000 0.019999 0.020958 0.018534 0.020036 112698.73 1511913599999 2249.7670523 3097 60447.37 1213.72010078
1511913600000 0.02025 0.020272 0.017568 0.018605 98690.79 1511999999999 1850.57854353 3193 45416.53 852.53767647
1512000000000 0.018342 0.01994 0.01805 0.018501 77906.37 1512086399999 1458.71774218 3205 33433.43 630.34901927
1512086400000 0.018798 0.020598 0.018107 0.0192 54547.86 1512172799999 1050.53193994 2181 25972.21 505.01634956
1512172800000 0.019295 0.021049 0.0188 0.020551 76828.61 1512259199999 1536.1636619 2589 41112.09 825.30457467
1512259200000 0.02053 0.021598 0.019838 0.020399 69117.28 1512345599999 1432.43966761 2960 36435.79 759.2344241
1512345600000 0.020394 0.0228 0.0202 0.0225 75804.69 1512431999999 1602.18105292 2660 48417.39 1028.97378658
1512432000000 0.0225 0.0228 0.021501 0.0222 90218.58 1512518399999 1991.68581786 3165 40951.77 905.56893635
1512518400000 0.0222 0.0222 0.019308 0.0207 155250.73 1512604799999 3216.1561803 4900 79295.07 1633.41881244
1512604800000 0.020605 0.0212 0.018551 0.018551 132322.94 1512691199999 2629.99557671 4966 61066.45 1220.57015727
1512691200000 0.0188 0.019893 0.0181 0.018728 110150.2 1512777599999 2073.73645791 4412 44015.63 834.74849139
1512777600000 0.018623 0.0198 0.017211 0.018348 92419.8 1512863999999 1710.74450338 3465 42797.79 797.38044915
1512864000000 0.018413 0.018983 0.017596 0.018198 75059.6 1512950399999 1361.91400666 3085 36054.51 655.45562742
1512950400000 0.018278 0.0205 0.0175 0.017517 106844.02 1513036799999 2009.06839143 3905 55705.79 1051.82002502
1513036800000 0.017694 0.02 0.014001 0.015878 344111.39 1513123199999 5791.30983713 7437 125356.95 2149.19813435
1513123200000 0.015878 0.01799 0.014669 0.015322 202275.39 1513209599999 3253.8915335 6690 98887.64 1598.69560684
1513209600000 0.015361 0.016887 0.014501 0.016672 307592.93 1513295999999 4791.85556587 7864 133498.72 2084.54182845
1513296000000 0.016672 0.017499 0.014775 0.017103 169106.63 1513382399999 2732.13279399 5459 72516.9 1183.50286944
1513382400000 0.017304 0.026887 0.0173 0.020726 420235.69 1513468799999 8683.12145478 13469 196465.15 4079.02839714
1513468800000 0.020741 0.025 0.0188 0.02165 276369.75 1513555199999 5955.66737161 10401 124394.73 2704.49155559
1513555200000 0.02165 0.025819 0.02031 0.023494 296855.19 1513641599999 6933.58288209 11699 126896.16 2939.32330665
1513641600000 0.023494 0.026458 0.021632 0.022526 323729.14 1513727999999 7761.1813032 14285 132817.1 3195.77512828
1513728000000 0.022617 0.0237 0.020365 0.0224 212408.54 1513814399999 4633.76998006 10033 95920.55 2093.6071063
1513814400000 0.022458 0.023154 0.0205 0.021876 195782.69 1513900799999 4274.91150816 9382 89669.93 1962.55155969
1513900800000 0.021865 0.022 0.018172 0.020001 382239.58 1513987199999 7488.13608458 14538 129576.55 2571.50988626
1513987200000 0.020021 0.022 0.019605 0.020856 195235.89 1514073599999 4032.77397129 8795 81762.42 1704.75958517
1514073600000 0.020936 0.022062 0.019713 0.02143 134589.85 1514159999999 2756.11751727 6684 59308.43 1216.04375035
1514160000000 0.021581 0.022894 0.02015 0.02149 139244.09 1514246399999 2941.98390205 6851 57751.93 1223.80398967
1514246400000 0.021492 0.021674 0.019565 0.020064 151458.1 1514332799999 3086.26424099 6823 67750.01 1384.70095136
1514332800000 0.02006 0.020798 0.01918 0.02005 153525.88 1514419199999 3097.1906251 6537 62546.91 1266.39480704
1514419200000 0.0201 0.0214 0.019 0.020991 156905.16 1514505599999 3102.98113867 6823 72161.31 1436.68297658
1514505600000 0.020992 0.0223 0.020234 0.021989 181574.31 1514591999999 3825.33744396 8070 89298.59 1885.11720054
1514592000000 0.021664 0.0242 0.0195 0.024 243629.28 1514678399999 5133.38175135 9440 106607.36 2271.87530932
1514678400000 0.0242 0.030791 0.021715 0.026866 338183.94 1514764799999 8740.67551814 18081 176417.83 4592.34632557
1514764800000 0.026866 0.03 0.0245 0.02549 203723.81 1514851199999 5272.29720755 11327 86655.71 2263.25089226
1514851200000 0.025351 0.025575 0.0212 0.023776 316393.7 1514937599999 7367.83503318 16630 130011.83 3042.90193625
1514937600000 0.023709 0.024217 0.017925 0.0218 275753.82 1515023999999 6106.62499678 14646 113122.84 2542.39937423
1515024000000 0.0217 0.022999 0.0205 0.020975 286102.81 1515110399999 6104.51798388 16149 136197.15 2911.41550093
1515110400000 0.020968 0.021314 0.018 0.019268 325816.86 1515196799999 6425.5608431 17516 136744.25 2708.75937126
1515196800000 0.019269 0.020553 0.0185 0.019091 292660.77 1515283199999 5642.00975479 13562 114627.27 2216.54497157
1515283200000 0.019044 0.02245 0.018239 0.021721 490269.19 1515369599999 10004.77386926 21335 196885.52 4058.6791548
1515369600000 0.021721 0.0248 0.02015 0.020853 540718.13 1515455999999 11836.41017256 29102 260860.16 5711.87055037
1515456000000 0.020853 0.0215 0.01871 0.019525 303406.42 1515542399999 6125.43922455 16079 128187.26 2605.30666224
1515542400000 0.019525 0.019999 0.016476 0.0186 305608.66 1515628799999 5410.87929938 15947 129796.75 2298.41434386
1515628800000 0.0186 0.02 0.016251 0.018718 257214.2 1515715199999 4653.94211026 13687 118156.85 2144.88564409
1515715200000 0.01873 0.018949 0.01754 0.018 156454.68 1515801599999 2832.56831711 8785 67702.23 1226.91737229
1515801600000 0.018 0.019167 0.0176 0.01849 218565.15 1515887999999 3983.11496153 12337 107417.52 1960.46337596
1515888000000 0.018581 0.01883 0.01709 0.01737 166878.44 1515974399999 2947.41975843 9061 66366.95 1172.01188177
1515974400000 0.01738 0.018498 0.0171 0.017405 158686.26 1516060799999 2806.33839751 9323 70358.96 1248.04424146
1516060800000 0.017459 0.017694 0.0152 0.016645 326542.3 1516147199999 5514.51236476 16805 136369.85 2309.69780173
1516147200000 0.016645 0.01842 0.0155 0.0179 331243.06 1516233599999 5547.91290503 17173 134417.57 2252.92311991
1516233600000 0.018 0.0185 0.017 0.017315 233063.6 1516319999999 4180.0962789 12621 97803.22 1759.80042163
1516320000000 0.017345 0.01845 0.017 0.01777 198642.21 1516406399999 3480.52673103 9874 88792.99 1558.51204889
1516406400000 0.01777 0.0189 0.0168 0.017056 202804.73 1516492799999 3538.05062491 10833 84651.88 1484.0919814
1516492800000 0.017129 0.017292 0.016011 0.016285 180097.04 1516579199999 2985.15783622 8727 64648.11 1073.84641787
1516579200000 0.016285 0.017 0.015234 0.0157 219382.22 1516665599999 3494.86546503 11375 82793.86 1321.96246717
1516665600000 0.01564 0.0168 0.015555 0.0163 162869.85 1516751999999 2604.31157869 8447 65525.19 1049.60194688
1516752000000 0.0163 0.01799 0.016 0.016923 278295.25 1516838399999 4706.14352111 13414 130358.3 2204.43543564
1516838400000 0.016923 0.017632 0.016001 0.01703 248840.76 1516924799999 4201.43036894 12598 120205.71 2036.13172847
1516924800000 0.01703 0.017315 0.014992 0.015791 404706.98 1517011199999 6388.27829662 19112 141835.47 2251.9120745
1517011200000 0.015793 0.016 0.0144 0.014627 279729.72 1517097599999 4216.21714313 11806 96224.86 1457.84244995
1517097600000 0.014674 0.01482 0.01352 0.013825 332974.16 1517183999999 4673.01681448 14611 114640.64 1612.39267599
1517184000000 0.013826 0.0145 0.013599 0.014385 197362.59 1517270399999 2748.87780185 10096 78389.0 1094.29592972
1517270400000 0.014441 0.015298 0.01356 0.013793 394709.75 1517356799999 5729.01068577 18280 147771.46 2147.05101194
1517356800000 0.013802 0.014901 0.013361 0.014177 196928.79 1517443199999 2730.2223387 11657 88795.26 1235.14600352
1517443200000 0.014199 0.014257 0.01189 0.013322 304808.95 1517529599999 3925.93510519 15208 143097.82 1829.62885067
1517529600000 0.013378 0.014431 0.01275 0.014306 328008.26 1517615999999 4450.75367386 16405 143272.53 1952.29394199
1517616000000 0.014306 0.015099 0.013781 0.014458 157471.93 1517702399999 2246.85351069 8435 79325.39 1136.40922063
1517702400000 0.014465 0.014989 0.013771 0.014 172874.86 1517788799999 2468.96696173 9478 78468.3 1125.63971287
1517788800000 0.014001 0.014502 0.013 0.013149 237686.87 1517875199999 3221.49620868 13630 110033.56 1493.12303558
1517875200000 0.013149 0.015 0.012476 0.014407 301490.12 1517961599999 4056.35072727 16972 141060.71 1908.91074395
1517961600000 0.014486 0.015 0.013892 0.014371 211628.75 1518047999999 3062.44343415 12009 93589.99 1358.03226343
1518048000000 0.014358 0.015 0.014103 0.014357 12668.2 1518134399999 184.79842585 192 11171.13 163.31415466
1518134400000 0.014357 0.01509 0.014356 0.014917 79565.45 1518220799999 1180.81396748 4135 34812.92 516.8917313
1518220800000 0.014917 0.015086 0.014024 0.014521 165123.16 1518307199999 2402.71396415 9440 72256.51 1051.38484881
1518307200000 0.014521 0.0155 0.0138 0.014651 185554.16 1518393599999 2680.9804141 9014 87953.06 1286.92610004
1518393600000 0.014548 0.0149 0.0143 0.014782 107125.61 1518479999999 1566.17318625 6526 54160.8 792.53227085
1518480000000 0.014796 0.01543 0.014672 0.01523 133451.85 1518566399999 1996.63887416 7188 72338.69 1083.12085615
1518566400000 0.01523 0.017388 0.0152 0.017075 378832.63 1518652799999 6275.15031056 26491 184146.35 3047.47631619
1518652800000 0.017074 0.017949 0.01612 0.017749 203304.25 1518739199999 3424.60642345 16749 96588.35 1634.26564452
1518739200000 0.017747 0.0194 0.01725 0.019231 241659.52 1518825599999 4450.53784255 20607 112330.43 2073.16173527
1518825600000 0.019263 0.019487 0.018242 0.018821 172540.01 1518911999999 3238.20400968 15964 69199.94 1301.16117689
1518912000000 0.018789 0.018879 0.01763 0.0179 135005.81 1518998399999 2449.57044575 11290 56337.97 1023.42103537
1518998400000 0.01791 0.01945 0.017322 0.01864 209362.81 1519084799999 3886.61950759 15689 91154.56 1695.93415104
1519084800000 0.01864 0.02188 0.018578 0.020411 357543.33 1519171199999 7245.09308735 24209 175476.96 3557.32258441
1519171200000 0.020408 0.021621 0.019617 0.021005 295548.58 1519257599999 6124.03059804 23129 132963.7 2757.91187891
1519257600000 0.021005 0.021348 0.0197 0.020275 173511.87 1519343999999 3558.6342841 13785 69286.64 1426.14928766
1519344000000 0.020275 0.020651 0.018936 0.020228 178568.29 1519430399999 3554.83276541 12799 79046.4 1578.71854573
1519430400000 0.020194 0.021129 0.019354 0.019754 117508.36 1519516799999 2370.03399661 9514 60500.43 1222.55508706
1519516800000 0.019754 0.020575 0.0195 0.019693 115439.25 1519603199999 2295.43987735 7417 53872.51 1073.42997365
1519603200000 0.01961 0.0208 0.018722 0.020569 117041.03 1519689599999 2312.80909803 7812 46680.26 923.24697766
1519689600000 0.02057 0.0238 0.020239 0.022759 311576.71 1519775999999 6900.21424953 21852 160727.11 3555.74825514
1519776000000 0.02276 0.023761 0.021451 0.021511 264410.83 1519862399999 6003.87994485 18627 131095.8 2985.60132737
1519862400000 0.021504 0.0228 0.02131 0.02197 187434.63 1519948799999 4136.54829193 12363 106101.28 2346.31403902
1519948800000 0.02198 0.022173 0.020683 0.021598 124908.49 1520035199999 2668.55781941 10197 51868.56 1108.89713368
1520035200000 0.021529 0.02222 0.020257 0.020751 113700.75 1520121599999 2401.81468081 8777 52504.0 1112.37844088
1520121600000 0.02079 0.021513 0.02 0.02066 111303.31 1520207999999 2297.67321672 8653 51525.11 1066.63207456
1520208000000 0.020673 0.021158 0.02002 0.020193 104713.27 1520294399999 2138.81748021 7366 50027.98 1025.19708892
1520294400000 0.020192 0.020199 0.018873 0.019337 134805.37 1520380799999 2628.38067262 8369 58604.51 1144.41969936
1520380800000 0.019337 0.0206 0.018612 0.019298 152609.52 1520467199999 2960.0063527 10550 70870.72 1377.30612944
1520467200000 0.019228 0.019951 0.018702 0.019419 154057.33 1520553599999 2973.75801721 10364 66777.68 1290.42966322
1520553600000 0.019477 0.020877 0.018004 0.020501 180518.58 1520639999999 3419.7575426 13587 82581.11 1565.89256106
1520640000000 0.020536 0.020904 0.01915 0.019575 150855.29 1520726399999 3018.97414565 11096 79897.44 1604.87009506
1520726400000 0.019608 0.020447 0.019154 0.020219 90436.87 1520812799999 1791.92098512 6781 53096.53 1056.22988332
1520812800000 0.020244 0.020304 0.0195 0.019596 77662.47 1520899199999 1537.58312202 5807 39068.21 774.85008357
1520899200000 0.019581 0.020199 0.01885 0.019899 88855.37 1520985599999 1720.84772878 6940 46798.01 907.28627358
1520985600000 0.019968 0.020002 0.019 0.019014 81147.45 1521071999999 1567.06135125 6781 35760.13 691.66778579
1521072000000 0.019014 0.019112 0.01775 0.018529 140223.76 1521158399999 2582.97050236 11935 57281.66 1055.61246119
1521158400000 0.018529 0.019998 0.018235 0.018593 63983.19 1521244799999 1197.50749424 4861 31343.48 588.23469102
1521244800000 0.018594 0.018722 0.0175 0.017662 86709.12 1521331199999 1556.13883496 5489 39260.22 703.60250482
1521331200000 0.017726 0.019549 0.017602 0.019404 161060.09 1521417599999 2950.21818081 9981 76336.83 1402.09667396
1521417600000 0.019405 0.020714 0.018929 0.020591 166529.47 1521503999999 3305.81781585 10774 96033.59 1914.17512122
1521504000000 0.020637 0.02268 0.020331 0.021684 146913.65 1521590399999 3134.36718502 11461 77439.8 1659.39531702
1521590400000 0.021684 0.022137 0.020778 0.02108 108512.73 1521676799999 2313.07363796 7644 45586.73 972.16740607
1521676800000 0.021009 0.022 0.020513 0.021381 156585.64 1521763199999 3338.52026839 9369 103283.79 2207.61745593
1521763200000 0.021362 0.021469 0.020272 0.02111 99156.38 1521849599999 2072.17344153 8577 46234.11 967.40782729
1521849600000 0.02111 0.0221 0.02077 0.021408 78923.27 1521935999999 1691.08303677 6883 33275.08 712.87312213
1521936000000 0.02129 0.0217 0.020659 0.02079 57817.67 1522022399999 1213.17745034 5666 30665.23 644.46193724
1522022400000 0.020776 0.0213 0.020022 0.021139 107261.24 1522108799999 2201.27732527 8851 51030.67 1048.84345437
1522108800000 0.021056 0.021987 0.020278 0.02161 104839.37 1522195199999 2227.18047365 9664 48783.26 1040.16428586
1522195200000 0.021604 0.022099 0.021534 0.021729 77344.63 1522281599999 1688.19102898 6004 42607.29 932.08076824
1522281600000 0.02172 0.022115 0.021225 0.021914 120302.25 1522367999999 2616.51785259 10085 66072.15 1440.22784636
1522368000000 0.021868 0.02201 0.020995 0.021041 108597.92 1522454399999 2335.41482446 8994 46504.21 1003.58043701
1522454400000 0.021054 0.021334 0.020517 0.020791 79531.29 1522540799999 1660.81723168 5336 23678.19 494.96750346
1522540800000 0.020789 0.0218 0.020527 0.021362 83583.56 1522627199999 1768.19235571 6319 43245.98 917.26344641
1522627200000 0.021362 0.0244 0.021321 0.022694 195074.62 1522713599999 4378.24124159 15097 105441.62 2366.22055599
1522713600000 0.0227 0.02375 0.0225 0.022726 108908.56 1522799999999 2511.49738542 9473 47853.95 1105.14667579
1522800000000 0.022733 0.023234 0.02162 0.021659 106765.34 1522886399999 2388.0284588 12342 44553.82 996.1895073
1522886400000 0.021715 0.02529 0.02165 0.023152 268497.89 1522972799999 6292.51315851 23366 121709.17 2867.98764567
1522972800000 0.023152 0.0261 0.022459 0.025079 248765.6 1523059199999 6154.28889323 17848 117061.24 2917.38086788
1523059200000 0.025131 0.025264 0.0241 0.024329 106575.66 1523145599999 2610.90889982 9136 38114.78 935.08486935
1523145600000 0.02434 0.024364 0.0234 0.023876 61090.45 1523231999999 1451.42352232 6906 25755.69 612.1714288
1523232000000 0.023929 0.02407 0.022529 0.022801 80580.44 1523318399999 1869.61434314 6814 30836.95 712.2567515
1523318400000 0.022789 0.023064 0.02223 0.0223 55059.02 1523404799999 1245.30246107 5021 19545.18 442.65520117
1523404800000 0.022251 0.023376 0.022086 0.0228 93020.5 1523491199999 2089.17712211 6842 37242.36 839.62051879
1523491200000 0.0228 0.02707 0.022255 0.024543 314358.88 1523577599999 7651.5528891 23997 164140.42 4015.56905438
1523577600000 0.024457 0.034037 0.023933 0.025759 681803.65 1523663999999 19144.56144766 49406 328535.85 9304.20036302
1523664000000 0.025759 0.029 0.0257 0.027455 180096.19 1523750399999 4935.65696573 13603 77445.71 2120.5553157
1523750400000 0.027467 0.028221 0.026 0.026619 123029.38 1523836799999 3328.65565062 10309 72891.75 1970.44259909
1523836800000 0.026552 0.031187 0.026 0.030319 234195.61 1523923199999 6765.90519599 22531 120671.89 3480.6058806
1523923200000 0.030212 0.031115 0.028024 0.02827 182053.66 1524009599999 5305.62350314 18687 74001.34 2161.32129654
1524009600000 0.028324 0.029329 0.02825 0.028802 77631.55 1524095999999 2232.15866131 8415 30084.39 866.223561
1524096000000 0.028734 0.03015 0.0275 0.027629 130469.29 1524182399999 3721.01727067 14367 51726.51 1481.51575899
1524182400000 0.027629 0.028873 0.02622 0.026478 127782.89 1524268799999 3477.33462101 12892 62400.11 1704.03131992
1524268800000 0.026401 0.026465 0.0248 0.025392 167788.63 1524355199999 4306.53768288 12500 48786.33 1249.52753768
1524355200000 0.025388 0.026192 0.023805 0.024361 96918.38 1524441599999 2408.28414553 8523 41684.19 1037.37148857
1524441600000 0.024361 0.0249 0.023861 0.024594 102521.3 1524527999999 2496.97188073 7436 51150.38 1247.16309851
1524528000000 0.024594 0.026501 0.023771 0.025527 201229.67 1524614399999 5058.44899315 16871 81579.48 2061.95840232
1524614400000 0.025527 0.026003 0.024 0.025357 186742.64 1524700799999 4671.49827906 19089 83605.7 2093.88727405
1524700800000 0.025422 0.0345 0.025054 0.02738 1122439.09 1524787199999 33415.55375167 68352 640200.58 19073.45883944
1524787200000 0.027445 0.0287 0.026709 0.026937 148958.39 1524873599999 4128.99550061 13934 74755.31 2076.65231281
1524873600000 0.027011 0.027038 0.026001 0.026522 112178.28 1524959999999 2972.6676375 10702 45552.28 1209.63560801
1524960000000 0.026522 0.027 0.025562 0.026355 150544.61 1525046399999 3980.24337234 13253 76993.59 2045.17164679
1525046400000 0.026355 0.026355 0.0249 0.025433 125996.53 1525132799999 3225.78449836 11717 44077.57 1131.07159656
1525132800000 0.025433 0.025783 0.02465 0.0253 92910.39 1525219199999 2332.90798236 8226 42561.02 1069.69971841
1525219200000 0.0253 0.025487 0.02464 0.025219 76456.99 1525305599999 1910.6406799 7634 30456.34 761.25401416
1525305600000 0.025219 0.026446 0.023469 0.023572 179859.68 1525391999999 4476.33764377 16337 72761.99 1814.58335394
1525392000000 0.023483 0.023733 0.0218 0.022752 98408.34 1525478399999 2235.47087486 7032 50270.67 1143.1425506
1525478400000 0.022696 0.022854 0.02126 0.021323 79663.76 1525564799999 1737.95763081 5566 36915.62 806.31311907
1525564800000 0.021324 0.021923 0.020735 0.021482 55234.68 1525651199999 1182.54118866 4677 27796.39 595.90068368
1525651200000 0.021371 0.023 0.02092 0.022201 101930.85 1525737599999 2255.9915084 9005 41319.88 910.10590121
1525737600000 0.022201 0.02239 0.02051 0.021374 106580.04 1525823999999 2320.23007885 7668 32534.97 709.12886188
1525824000000 0.021373 0.02239 0.02113 0.021401 116778.8 1525910399999 2525.404276 7576 51182.9 1105.92539997
1525910400000 0.021401 0.021615 0.020847 0.021122 80478.22 1525996799999 1705.6174187 6296 34731.2 736.06001601
1525996800000 0.021119 0.021126 0.020378 0.020378 19378.04 1526083199999 401.056298 1656 9825.55 203.48299497
