1520467200000 0.001 0.01937 0.0003 0.004084 15647134.0 1520553599999 45910.26668125 106177 7639828.0 23107.12840791
1520553600000 0.004084 0.00442 0.00201 0.00227412 13528899.0 1520639999999 40653.13025785 103132 6635537.0 20109.48839402
1520640000000 0.00228 0.00264999 0.00216389 0.00219229 3162967.0 1520726399999 7428.82389496 28179 1521586.0 3575.69563226
1520726400000 0.00219064 0.00233997 0.002142 0.002222 1645492.0 1520812799999 3699.53578689 14980 638829.0 1434.7908928
1520812800000 0.00222742 0.002272 0.00198 0.00204059 1552210.0 1520899199999 3343.70773141 12676 465309.0 1003.1654665
1520899200000 0.00204059 0.002103 0.00194044 0.00202923 1591611.0 1520985599999 3177.80776476 13053 639618.0 1278.52397222
1520985600000 0.00202861 0.00246799 0.00202661 0.00239599 4220760.0 1521071999999 9542.24830481 30445 1923532.0 4388.31978248
1521072000000 0.002393 0.0028 0.002225 0.00275365 3751490.0 1521158399999 9441.15747253 27180 1743399.0 4405.35255697
1521158400000 0.00275885 0.003055 0.00243 0.00246002 5152581.0 1521244799999 14200.03352287 36788 2350990.0 6534.65072572
1521244800000 0.00245309 0.00248013 0.00189106 0.00232209 3314404.0 1521331199999 7495.31745689 21891 1370741.0 3114.88670796
1521331200000 0.00232209 0.00246 0.00216259 0.00236934 1721431.0 1521417599999 3885.25926905 13999 909119.0 2060.30517463
1521417600000 0.00237438 0.00238506 0.002124 0.00228999 2361078.0 1521503999999 5357.61611683 15339 910952.0 2071.49381077
1521504000000 0.00228997 0.002625 0.00225795 0.00247988 1752436.0 1521590399999 4292.89028067 12861 903648.0 2208.81592034
1521590400000 0.00247979 0.0026464 0.00237 0.00252768 1281637.0 1521676799999 3189.76031797 10373 546911.0 1365.69976147
1521676800000 0.0025168 0.00258 0.00235739 0.00242976 1160951.0 1521763199999 2827.34286126 9256 375265.0 922.08907748
1521763200000 0.00243823 0.002635 0.00238888 0.002547 1142747.0 1521849599999 2860.46773969 7616 479314.0 1201.56356181
1521849600000 0.00254599 0.00276 0.00252842 0.00272144 1062788.0 1521935999999 2834.70179488 8364 541736.0 1447.57164368
1521936000000 0.00269263 0.00289999 0.00261095 0.00281674 760600.0 1522022399999 2048.3718747 5633 325518.0 884.1352873
1522022400000 0.00281646 0.00391999 0.00276001 0.0036 4638236.0 1522108799999 15442.0127084 32861 2017710.0 6711.35945213
1522108800000 0.00359554 0.00543 0.00346 0.00485878 6042697.0 1522195199999 27269.46699542 52906 3186490.0 14406.9005619
1522195200000 0.00485878 0.0062 0.00442388 0.00522001 6600077.0 1522281599999 36972.70551027 80407 3157024.0 17730.66441943
1522281600000 0.00522001 0.00585 0.00476 0.00552074 4094406.0 1522367999999 21262.98214685 49271 1839811.0 9585.03922645
1522368000000 0.00552 0.00613 0.00539001 0.00584403 2560883.0 1522454399999 14900.96760268 32807 1275689.0 7429.50232925
1522454400000 0.005859 0.00587174 0.00519 0.00520048 1096885.0 1522540799999 5978.63295932 16240 438232.0 2387.99243309
1522540800000 0.00520048 0.00574077 0.00490062 0.00551495 1210710.0 1522627199999 6424.89987842 18328 571162.0 3044.61801775
1522627200000 0.00551495 0.00569102 0.00523099 0.00533377 679062.0 1522713599999 3694.37795857 13212 300294.0 1635.25137592
1522713600000 0.00533377 0.00584341 0.00526094 0.00548515 1014719.0 1522799999999 5566.44178151 14852 476500.0 2620.84860983
1522800000000 0.00549529 0.00653477 0.00542402 0.00645634 1775056.0 1522886399999 10656.23112305 21774 901938.0 5422.98521316
1522886400000 0.00647522 0.00766923 0.00622842 0.00749587 2492961.0 1522972799999 17627.06257251 38065 1347347.0 9517.7748355
1522972800000 0.00747375 0.00849 0.00700002 0.00826808 2521665.0 1523059199999 19654.84542945 40382 1250775.0 9760.99648616
1523059200000 0.00826808 0.010418 0.00826704 0.0098 4300523.0 1523145599999 41545.95836179 73245 2060724.0 19896.74007738
1523145600000 0.00980352 0.009819 0.00868296 0.00878594 2350108.0 1523231999999 21327.27263769 53505 1176627.0 10685.33708192
1523232000000 0.00878594 0.0093095 0.0078 0.00878857 2247604.0 1523318399999 19044.39193283 39654 1077101.0 9134.1213608
1523318400000 0.00879999 0.01164 0.00877843 0.01120482 3743990.0 1523404799999 38527.97923709 63034 1918276.0 19728.73207132
1523404800000 0.01120483 0.0114 0.0097 0.009998 2799819.63 1523491199999 29635.20065777 59494 1297294.21 13756.72362198
1523491200000 0.009997 0.0104 0.008865 0.008916 1905350.65 1523577599999 18630.65246776 41331 1041022.85 10217.97602215
1523577600000 0.008917 0.01059 0.008443 0.008541 2221319.79 1523663999999 20876.03044497 46068 1171161.62 11058.62567459
1523664000000 0.00854 0.009025 0.0082 0.008652 1153506.44 1523750399999 9846.10944751 24327 598759.15 5105.12073172
1523750400000 0.008664 0.00935 0.008387 0.008447 1073106.63 1523836799999 9493.01959112 27913 506619.5 4498.94516665
1523836800000 0.008434 0.008705 0.007914 0.008095 864210.42 1523923199999 7098.83225929 17703 423431.15 3481.47765614
1523923200000 0.008095 0.008443 0.007888 0.0081 1123547.53 1524009599999 9127.93541739 21424 467369.82 3799.32906922
1524009600000 0.008088 0.008324 0.0079 0.008146 633540.11 1524095999999 5105.98232967 11984 299884.38 2420.97144021
1524096000000 0.008146 0.008446 0.007848 0.007889 1168122.46 1524182399999 9504.9406779 19470 490354.48 3993.82267125
1524182400000 0.00787 0.007926 0.006967 0.006986 1168628.05 1524268799999 8693.67326227 20815 529638.88 3928.90996074
1524268800000 0.006989 0.0072 0.006602 0.006703 671946.42 1524355199999 4645.39700809 13090 302825.52 2098.41351589
1524355200000 0.006703 0.006874 0.006344 0.006445 641237.39 1524441599999 4230.42651088 12738 246398.06 1626.41131323
1524441600000 0.006444 0.007094 0.006345 0.006561 1227228.18 1524527999999 8278.81896478 18441 548591.2 3644.44215602
1524528000000 0.006561 0.00705 0.006318 0.00677 1119226.72 1524614399999 7517.6273099 19258 588841.07 3957.50171277
1524614400000 0.006771 0.008368 0.006481 0.00816 2985903.06 1524700799999 23188.5976282 50387 1415156.71 11025.21178877
1524700800000 0.00816 0.00921 0.007852 0.007969 1833175.22 1524787199999 15611.8002853 44278 911192.18 7773.09595532
1524787200000 0.007988 0.00835 0.00762 0.008149 1239875.56 1524873599999 9905.46434046 28141 589968.72 4714.47514584
1524873600000 0.00816 0.010768 0.007986 0.010157 2267198.58 1524959999999 21221.53966833 53904 1186724.49 11128.66690556
1524960000000 0.010157 0.01367 0.00988 0.013244 2861689.0 1525046399999 33864.78473197 77216 1497989.96 17774.49458769
1525046400000 0.013244 0.013283 0.010998 0.011551 1757161.51 1525132799999 20957.09409156 55251 829105.41 9888.50384491
1525132800000 0.011544 0.013 0.0111 0.0129 1283089.39 1525219199999 15779.43820818 40207 642267.03 7895.61260939
1525219200000 0.012903 0.013085 0.012 0.012357 690565.21 1525305599999 8603.78103993 28673 363292.61 4528.55471594
1525305600000 0.012399 0.016697 0.012241 0.012733 3221833.84 1525391999999 45965.01413944 81093 1601787.38 22819.16056541
1525392000000 0.012778 0.0141 0.011721 0.012382 1094290.01 1525478399999 13751.7499639 32785 539863.66 6786.45489463
1525478400000 0.012389 0.013224 0.010918 0.01099 690946.48 1525564799999 8279.5954589 21044 329027.1 3962.02935555
1525564800000 0.011019 0.01246 0.010676 0.011784 957299.42 1525651199999 10884.89809271 27949 468111.59 5310.29137776
1525651200000 0.011784 0.013194 0.01114 0.012525 1149298.98 1525737599999 14100.70568681 33310 549358.68 6743.21735732
1525737600000 0.012525 0.012626 0.011779 0.01185 623459.82 1525823999999 7586.60944461 17025 233510.95 2838.96522413
1525824000000 0.011859 0.012107 0.011624 0.011697 488544.45 1525910399999 5774.78782052 13643 215377.32 2551.26122808
1525910400000 0.011678 0.011868 0.011214 0.011282 452899.7 1525996799999 5253.49789023 13809 233210.97 2710.03917836
1525996800000 0.011282 0.011658 0.011 0.011059 93119.64 1526083199999 1042.05839346 2681 39733.72 447.18434875
