1520467200000 0.00022 0.001 0.00011111 0.00030446 51254071.0 1520553599999 11564.28388484 227408 25333140.0 5710.69405905
1520553600000 0.00030625 0.00033739 0.000159 0.00017899 51141137.0 1520639999999 11504.3527487 237990 23822245.0 5377.1915798
1520640000000 0.00017899 0.000207 0.00016772 0.00017022 14174017.0 1520726399999 2629.27872985 76838 6512059.0 1210.14854863
1520726400000 0.00017037 0.00018351 0.00016503 0.000168 4781136.0 1520812799999 833.59472758 32271 2348113.0 410.02195262
1520812800000 0.00016819 0.0001725 0.000152 0.00015533 4573620.0 1520899199999 741.13166529 25821 2081681.0 338.0480196
1520899200000 0.00015533 0.0001605 0.00014702 0.0001528 4464435.0 1520985599999 678.17764359 22332 1858750.0 283.09878878
1520985600000 0.0001528 0.00018599 0.00015238 0.00017892 16817959.0 1521071999999 2877.94260502 72237 8065601.0 1382.94465194
1521072000000 0.00017852 0.0002075 0.00016633 0.00020299 15323348.0 1521158399999 2865.21709989 69732 7491432.0 1405.08873983
1521158400000 0.00020299 0.00022139 0.00017585 0.00017702 17844840.0 1521244799999 3575.3648774 85413 8450984.0 1695.02649532
1521244800000 0.00017702 0.00018248 0.000138 0.00016237 11688033.0 1521331199999 1923.92553209 50235 5694800.0 938.87496311
1521331200000 0.00016235 0.0001638 0.00013642 0.00015565 5079565.0 1521417599999 759.61468242 25185 2456036.0 367.88662328
1521417600000 0.00015561 0.00015748 0.00014 0.00014807 4571256.0 1521503999999 670.2121356 22306 2161144.0 316.78618605
1521504000000 0.00014807 0.000166 0.00014552 0.00015487 4331796.0 1521590399999 674.2787735 21422 2058574.0 320.659127
1521590400000 0.000155 0.00017 0.00015023 0.0001582 3435584.0 1521676799999 546.38305615 18074 1771310.0 283.19195525
1521676800000 0.00015864 0.00016287 0.00014374 0.00015093 2936924.0 1521763199999 446.51550067 13786 1147329.0 174.51203138
1521763200000 0.00015105 0.0001609 0.000146 0.00015481 2376925.0 1521849599999 364.5284077 10884 1106195.0 169.77762552
1521849600000 0.00015481 0.0001677 0.00015421 0.00016508 2315850.0 1521935999999 373.8368133 11585 1113092.0 179.82656211
1521936000000 0.00016509 0.00017971 0.000158 0.00017381 1894664.0 1522022399999 315.21603575 8885 941868.0 157.12580445
1522022400000 0.00017407 0.000242 0.0001719 0.00021493 22749309.0 1522108799999 4655.86029099 96529 10959988.0 2249.02555308
1522108800000 0.00021499 0.000315 0.00020499 0.00028 25210436.0 1522195199999 6690.65746029 138934 12451584.0 3318.06435421
1522195200000 0.00027922 0.0003576 0.00025878 0.00029342 27137216.0 1522281599999 8677.77154648 187002 13800108.0 4421.54696606
1522281600000 0.0002937 0.00032 0.000261 0.00029873 12674052.0 1522367999999 3635.92720799 92932 6258293.0 1796.32083645
1522368000000 0.00029952 0.000345 0.00029444 0.00033538 11023693.0 1522454399999 3590.79252204 81153 5560803.0 1813.18734854
1522454400000 0.000336 0.0003375 0.00029 0.00029607 4075055.0 1522540799999 1278.85858603 34383 1945874.0 609.6693939
1522540800000 0.00029602 0.00031999 0.0002718 0.0003059 3515354.0 1522627199999 1052.67904735 32284 1566172.0 470.68087768
1522627200000 0.00030592 0.0003149 0.0002871 0.00029015 2506332.0 1522713599999 753.41612065 24558 1143611.0 344.16249361
1522713600000 0.00029026 0.00031995 0.000285 0.00030747 3199586.0 1522799999999 967.22152888 30945 1700935.0 515.14858489
1522800000000 0.00030747 0.000365 0.00030075 0.000359 6690532.0 1522886399999 2220.84701286 54430 3579266.0 1190.60218205
1522886400000 0.00035879 0.00042869 0.00034709 0.00042135 12308776.0 1522972799999 4845.6077654 108033 5851906.0 2309.92251308
1522972800000 0.00042199 0.00046959 0.00039 0.00046334 11256748.0 1523059199999 4910.11282159 105344 5764200.0 2515.35331769
1523059200000 0.00046136 0.000579 0.00046001 0.00054651 23143398.0 1523145599999 12439.48140505 204020 11881741.0 6384.07350263
1523145600000 0.00054727 0.00054727 0.000491 0.00050238 10047758.0 1523231999999 5139.45627141 122055 4737332.0 2424.96289361
1523232000000 0.00050129 0.00054833 0.00045 0.00051699 13045187.0 1523318399999 6480.82267781 128516 6302889.0 3136.82447104
1523318400000 0.000517 0.0006997 0.00051601 0.000682 22297672.0 1523404799999 13682.62448585 200215 11699725.0 7189.30407572
1523404800000 0.000682 0.0006925 0.000585 0.0006198 15606918.5 1523491199999 10058.94836339 183840 7418154.7 4787.82445952
1523491200000 0.0006195 0.0006476 0.0005521 0.0005567 8645176.88 1523577599999 5165.26528269 116635 4103169.25 2456.06607346
1523577600000 0.000557 0.000659 0.0005254 0.0005359 12110129.84 1523663999999 7145.69388748 138255 5691062.6 3369.12546978
1523664000000 0.0005351 0.0005652 0.0005141 0.0005435 4868631.72 1523750399999 2609.87607234 67033 2441050.14 1309.91584549
1523750400000 0.0005442 0.0005925 0.000524 0.0005395 6338815.11 1523836799999 3544.07518508 83566 3169477.73 1774.23304116
1523836800000 0.0005395 0.0005569 0.0005014 0.0005141 3916765.45 1523923199999 2040.19707383 50910 1809034.87 942.28037727
1523923200000 0.0005141 0.0005335 0.0004982 0.0005156 6169563.14 1524009599999 3174.17143276 70101 2930384.28 1509.29191465
1524009600000 0.0005155 0.0005316 0.0005025 0.000524 3271414.17 1524095999999 1683.30568511 41253 1691729.32 870.34711671
1524096000000 0.000525 0.000562 0.0005161 0.0005417 6444111.42 1524182399999 3465.87829914 76494 3121677.29 1678.35460559
1524182400000 0.0005417 0.0005499 0.0004711 0.0004871 6254845.42 1524268799999 3207.69163119 78455 2859337.97 1465.30041256
1524268800000 0.0004872 0.0004929 0.0004512 0.0004552 3602130.36 1524355199999 1703.09177196 47764 1619412.36 766.06334755
1524355200000 0.0004558 0.0004799 0.0004385 0.000455 3396509.42 1524441599999 1567.41105005 46469 1688137.88 778.93169524
1524441600000 0.000455 0.0005079 0.0004509 0.0004737 4608206.64 1524527999999 2223.81589745 64215 2206693.74 1066.64224859
1524528000000 0.0004737 0.0005248 0.000461 0.0004908 6220617.24 1524614399999 3110.59478626 81590 3189722.76 1596.68703363
1524614400000 0.0004918 0.0005798 0.0004541 0.0005669 12848970.5 1524700799999 6899.69656962 163038 6341994.36 3418.26326821
1524700800000 0.0005672 0.0006458 0.0005601 0.0005688 10193726.36 1524787199999 6126.07936246 144621 5052922.59 3035.42469768
1524787200000 0.0005687 0.0006132 0.0005452 0.0005881 6088681.38 1524873599999 3521.64811543 94624 3318729.68 1917.54965718
1524873600000 0.0005886 0.0007864 0.0005785 0.0007432 10991839.05 1524959999999 7563.54839494 164733 6280864.63 4317.00552493
1524960000000 0.0007432 0.0009898 0.000722 0.000973 16511153.7 1525046399999 14263.08810586 264756 8692964.31 7529.81877935
1525046400000 0.0009725 0.000973 0.0008061 0.000836 9224823.06 1525132799999 8093.59032234 184762 4481772.39 3934.05713126
1525132800000 0.0008355 0.0009564 0.0007846 0.000956 6909798.15 1525219199999 6194.55014436 127090 3480897.07 3126.88951517
1525219200000 0.000956 0.0009742 0.0008925 0.000922 3735595.55 1525305599999 3466.84571264 81741 1633884.91 1515.71780505
1525305600000 0.0009223 0.001246 0.0009168 0.00102 18585726.09 1525391999999 20507.29725701 284289 9390534.55 10343.06553183
1525392000000 0.00102 0.0010971 0.0009588 0.0010008 4552550.3 1525478399999 4646.39767762 102622 2224232.34 2270.93451138
1525478400000 0.0010023 0.00108 0.0009113 0.0009147 3664984.49 1525564799999 3622.56775406 77883 1519838.91 1503.81573089
1525564800000 0.0009156 0.001022 0.0008715 0.0009677 4360701.76 1525651199999 4092.30139034 95294 2048148.91 1924.86995193
1525651200000 0.0009677 0.0010432 0.0009009 0.001006 4975703.48 1525737599999 4836.53499366 108758 2457451.9 2390.8445379
1525737600000 0.0010071 0.0010198 0.0009567 0.000967 2293839.15 1525823999999 2249.48127743 62353 1087068.64 1066.56938546
1525824000000 0.0009678 0.0009759 0.000929 0.0009417 1789011.07 1525910399999 1701.00074351 49606 904958.42 860.80134296
1525910400000 0.0009417 0.000968 0.0009013 0.0009035 1915159.71 1525996799999 1806.55476704 54872 899871.0 849.61318931
1525996800000 0.0009035 0.0009333 0.0009035 0.0009077 320521.16 1526083199999 292.40180308 5668 154869.81 141.46338768
