1521417600000 16.0 20.549 13.1 19.878 1173351.458 1521503999999 20153002.961952 51671 503329.222 8715287.971822
1521504000000 19.88 22.0 18.053 20.386 2428141.555 1521590399999 49548033.61805 103552 1128682.49 23047399.426128
1521590400000 20.386 21.0 18.5 19.593 1660401.58 1521676799999 33262674.763817 65294 808448.324 16205966.234067
1521676800000 19.593 20.177 17.62 19.288 1301822.548 1521763199999 24634469.772205 56428 628177.441 11885371.320362
1521763200000 19.288 19.304 17.604 18.442 1271729.778 1521849599999 23099301.475208 48351 589227.096 10701158.692105
1521849600000 18.465 19.45 17.64 17.758 1194967.755 1521935999999 21949989.288887 52360 572071.975 10505426.747112
1521936000000 17.758 18.3 17.5 17.958 919524.918 1522022399999 16475497.33667 42720 469152.074 8407722.449733
1522022400000 17.97 18.161 15.1 16.023 1509575.618 1522108799999 24793859.387806 50674 732629.943 12026635.982318
1522108800000 16.0 17.0 14.562 15.149 353654.504 1522195199999 5489015.92326 18281 157121.295 2440823.954844
1522195200000 15.097 16.2 15.026 15.502 204091.397 1522281599999 3173222.642433 10277 101169.887 1575223.425477
1522281600000 15.495 15.625 13.839 14.132 173527.532 1522367999999 2527019.764982 11481 80674.71 1173035.122419
1522368000000 14.053 14.97 13.316 14.182 223024.852 1522454399999 3125057.492299 14292 104435.992 1465896.386267
1522454400000 14.179 14.7 13.938 14.031 108491.075 1522540799999 1550362.482833 7991 53746.095 768769.810124
1522540800000 14.03 14.248 12.537 13.326 121743.004 1522627199999 1624053.627786 8258 60083.38 800057.025379
1522627200000 13.326 14.6 13.147 14.155 172516.18 1522713599999 2432459.846473 11246 93263.949 1315705.318614
1522713600000 14.154 15.1 14.01 14.962 165969.901 1522799999999 2434212.657501 11941 80785.46 1184685.77342
1522800000000 14.962 14.98 13.315 13.539 107077.082 1522886399999 1493385.544046 9286 52766.05 736168.307107
1522886400000 13.544 13.605 12.809 13.323 114975.392 1522972799999 1514680.958945 9078 55159.2 726379.641634
1522972800000 13.323 13.462 12.514 12.764 67119.417 1523059199999 861779.544798 6159 32220.472 412973.473062
1523059200000 12.784 13.438 12.696 13.084 71568.324 1523145599999 941801.335883 5838 39280.098 516416.009826
1523145600000 13.045 13.623 13.03 13.399 62155.006 1523231999999 827304.896044 5286 34031.557 454029.421633
1523232000000 13.389 14.8 13.001 13.41 165097.604 1523318399999 2264958.879046 11745 77392.208 1064307.060476
1523318400000 13.412 13.55 12.879 13.424 71381.786 1523404799999 946166.760505 5123 31886.406 423450.792581
1523404800000 13.439 14.483 13.317 14.374 150282.148 1523491199999 2088065.604088 9589 71154.129 987940.102949
1523491200000 14.343 16.88 13.301 16.491 384467.372 1523577599999 5765401.568776 25552 203254.71 3046754.924742
1523577600000 16.481 17.659 15.44 15.605 389260.216 1523663999999 6474893.685296 26570 187405.782 3120820.515531
1523664000000 15.605 16.343 15.0 15.837 170965.73 1523750399999 2709461.996842 14547 63467.854 1006579.536449
1523750400000 15.836 17.068 15.836 16.811 103845.586 1523836799999 1722091.311349 10428 61537.009 1020351.551088
1523836800000 16.841 17.007 15.5 16.651 119637.001 1523923199999 1928466.916188 11082 55016.501 882383.313329
1523923200000 16.651 16.978 16.15 16.187 111262.344 1524009599999 1842138.33203 9970 58600.867 970634.937569
1524009600000 16.23 17.729 16.186 17.552 102454.01 1524095999999 1746037.187746 9018 59757.927 1018403.672853
1524096000000 17.53 18.6 17.45 18.551 147441.228 1524182399999 2646598.857164 12213 70793.41 1272153.633907
1524182400000 18.551 20.684 17.98 20.267 208824.093 1524268799999 4021657.493058 19683 105319.281 2021288.516681
1524268800000 20.27 20.692 17.688 19.358 223516.256 1524355199999 4284982.58786 19937 101330.676 1938007.533835
1524355200000 19.316 19.9 18.551 19.107 132344.142 1524441599999 2565163.151729 14304 62731.467 1215081.276592
1524441600000 19.107 20.774 19.081 20.457 190987.742 1524527999999 3879136.952429 16867 91172.377 1851330.191405
1524528000000 20.457 23.98 20.41 22.642 300321.475 1524614399999 6615852.858948 26907 144803.009 3188955.304496
1524614400000 22.611 22.616 17.972 19.152 420357.294 1524700799999 8422193.77158 33986 190921.221 3827420.473905
1524700800000 19.152 21.108 18.4 21.007 253664.957 1524787199999 4952622.251562 22800 118340.42 2311121.770265
1524787200000 21.058 21.295 19.551 19.633 229912.657 1524873599999 4724929.227582 20573 106092.661 2183737.618309
1524873600000 19.657 22.05 19.5 21.625 305297.317 1524959999999 6430596.959127 24487 159916.32 3365399.094579
1524960000000 21.637 23.599 20.266 23.001 456806.155 1525046399999 10108304.117739 40311 213819.794 4752498.034341
1525046400000 23.001 25.8 21.666 22.432 589056.706 1525132799999 13971086.633274 46859 256758.245 6105952.097335
1525132800000 22.431 22.46 20.5 22.045 338102.986 1525219199999 7209638.588839 25200 146068.303 3122975.609294
1525219200000 22.003 22.493 21.304 22.29 207161.7 1525305599999 4535531.631011 19147 99706.659 2182473.479811
1525305600000 22.305 23.499 21.64 22.728 341723.592 1525391999999 7693966.527541 29194 168264.424 3797255.667869
1525392000000 22.728 23.805 21.6 22.091 219714.159 1525478399999 4947953.686618 21235 99705.022 2250368.248491
1525478400000 22.1 23.079 21.882 22.464 158109.23 1525564799999 3569658.803274 14399 71563.952 1618165.851271
1525564800000 22.413 23.98 21.323 22.88 337698.981 1525651199999 7628420.446179 31084 172254.514 3899565.25862
1525651200000 22.876 22.997 20.34 21.362 176740.228 1525737599999 3765671.806026 19219 93271.066 1985051.98494
1525737600000 21.361 21.82 20.32 20.658 94463.37 1525823999999 1979109.312006 12257 43144.345 903456.846233
1525824000000 20.692 20.697 18.968 19.905 169906.068 1525910399999 3360433.802908 17776 70260.475 1392537.38138
1525910400000 19.905 20.108 18.216 18.221 123652.271 1525996799999 2418509.896134 13135 52358.958 1025390.1083
1525996800000 18.222 18.36 17.791 18.201 45616.958 1526083199999 824200.71639 3796 22494.517 406847.31536
