1501113600000 0.0304 0.03083 0.029096 0.029662 17640.99 1501199999999 528.82327778 5378 9394.44 282.25288569
1501200000000 0.029793 0.030501 0.028302 0.028985 29147.61 1501286399999 852.16327856 6019 18595.08 543.80881258
1501286400000 0.029006 0.029996 0.027308 0.028086 48626.03 1501372799999 1397.49190731 6381 29868.95 859.68846624
1501372800000 0.028067 0.028397 0.027187 0.027977 28330.66 1501459199999 786.18895622 5919 17151.31 476.20525199
1501459200000 0.027883 0.031782 0.027333 0.030048 50882.77 1501545599999 1491.55595998 6381 31075.64 916.00533924
1501545600000 0.030036 0.031935 0.0269 0.028909 66805.25 1501631999999 1929.02203414 6928 42711.31 1237.16764733
1501632000000 0.028983 0.030105 0.028054 0.029194 39283.29 1501718399999 1140.38424231 6111 21260.3 616.49277049
1501718400000 0.02921 0.03481 0.027919 0.033729 55349.64 1501804799999 1714.99657846 6512 36555.28 1132.09974234
1501804800000 0.033979 0.038273 0.0331 0.036541 49103.62 1501891199999 1760.77869623 6457 29137.88 1045.06393689
1501891200000 0.036541 0.038675 0.034432 0.036 57352.66 1501977599999 2107.8724218 6889 32618.52 1198.99005213
1501977600000 0.035915 0.041784 0.035033 0.038974 57864.69 1502063999999 2233.25694927 6746 35561.75 1372.89945873
1502064000000 0.039147 0.04786 0.037457 0.046706 78621.43 1502150399999 3448.73843787 9109 48371.04 2119.44014083
1502150400000 0.046683 0.047857 0.037728 0.03909 81320.73 1502236799999 3398.78537098 10478 49245.19 2064.90624824
1502236800000 0.03908 0.042492 0.034847 0.042073 87246.47 1502323199999 3451.57045898 10389 52758.06 2091.68240347
1502323200000 0.042075 0.056089 0.041204 0.052092 103978.95 1502409599999 5007.42455976 10955 60029.55 2905.3487995
1502409600000 0.051991 0.054503 0.047069 0.04891 89597.83 1502495999999 4530.7767063 16629 58324.98 2946.98129755
1502496000000 0.0489 0.052052 0.041847 0.044434 79750.95 1502582399999 3623.85107399 18822 49103.85 2226.79134291
1502582400000 0.04425 0.053971 0.041 0.05108 146691.94 1502668799999 7045.52452728 20114 94557.69 4542.74683088
1502668800000 0.05108 0.056743 0.046848 0.052154 111863.36 1502755199999 5826.13836281 19546 65983.18 3440.90509016
1502755200000 0.052114 0.052701 0.047 0.049813 101110.78 1502841599999 5051.19230004 19508 60083.24 3006.50203063
1502841600000 0.049829 0.05276 0.046943 0.048521 87624.25 1502927999999 4310.79358066 18398 48166.97 2374.77443961
1502928000000 0.048514 0.048598 0.040818 0.043177 94075.49 1503014399999 4131.80782062 18225 54954.26 2414.89229758
1503014400000 0.043151 0.043177 0.036075 0.038897 126341.84 1503100799999 4972.39289265 18738 77146.41 3034.15285915
1503100800000 0.038873 0.042235 0.034 0.039409 96248.52 1503187199999 3644.06187658 17829 57235.13 2172.60211889
1503187200000 0.039562 0.042982 0.036836 0.03964 132961.39 1503273599999 5217.36942748 17854 83557.11 3281.20731738
1503273600000 0.039547 0.039827 0.03211 0.03459 116080.59 1503359999999 4074.43289352 17930 70517.28 2480.59362261
1503360000000 0.034643 0.036313 0.033 0.03469 123080.88 1503446399999 4206.86620726 18331 71833.97 2453.84573429
1503446400000 0.034689 0.039362 0.034504 0.03754 123757.54 1503532799999 4583.44887415 18373 64476.55 2386.1322794
1503532800000 0.037545 0.05 0.036272 0.042551 146479.84 1503619199999 5972.41115617 18352 73035.51 2953.05566651
1503619200000 0.042509 0.043576 0.038489 0.040173 71242.5 1503705599999 2861.75755981 15847 32939.43 1321.93143809
1503705600000 0.04007 0.052 0.039169 0.047893 119054.06 1503791999999 5221.65317271 15910 59762.67 2619.71366556
1503792000000 0.047899 0.048842 0.043576 0.046216 90836.95 1503878399999 4136.01118542 15632 41862.72 1907.7111724
1503878400000 0.046216 0.052366 0.04401 0.047492 82106.42 1503964799999 3847.67452187 14545 34792.38 1640.20430131
1503964800000 0.047771 0.057996 0.047484 0.051961 128583.91 1504051199999 6741.81891097 15590 57898.42 3054.03857806
1504051200000 0.051951 0.052241 0.04 0.044461 73187.3 1504137599999 3334.63394075 14035 24521.57 1116.94663494
1504137600000 0.044447 0.049061 0.043355 0.045705 58573.99 1504223999999 2662.35423984 13720 23013.92 1052.42309356
1504224000000 0.045729 0.04902 0.043927 0.048017 77674.44 1504310399999 3530.36858199 14582 33881.32 1540.27096618
1504310400000 0.048015 0.049999 0.045942 0.046293 77646.21 1504396799999 3693.69382673 14256 25233.01 1204.36475464
1504396800000 0.046277 0.048859 0.043221 0.045403 70873.94 1504483199999 3227.97259644 14297 24539.29 1121.75090175
1504483200000 0.045407 0.046496 0.028 0.041203 63282.99 1504569599999 2583.9561568 13486 23529.97 964.63216128
1504569600000 0.037438 0.042499 0.032228 0.039029 53802.42 1504655999999 2005.26803112 11365 20251.16 765.86011675
1504656000000 0.03904 0.039999 0.032358 0.035659 102095.26 1504742399999 3676.80213923 11002 32132.84 1164.36245601
1504742400000 0.0355 0.04565 0.032769 0.045631 42381.52 1504828799999 1618.96141304 959 22938.77 898.51664915
1504828800000 0.044773 0.049689 0.03911 0.042345 45054.61 1504915199999 2044.72093146 1601 23805.27 1089.10573924
1504915200000 0.042443 0.04586 0.041921 0.045587 19579.32 1505001599999 846.29225526 664 10525.86 457.93445836
1505001600000 0.044648 0.045421 0.040508 0.043027 17364.06 1505087999999 744.19581497 438 8197.44 352.20386562
1505088000000 0.043 0.049909 0.043 0.0493 17185.79 1505174399999 772.18987911 522 8269.46 374.99771448
1505174400000 0.049838 0.050368 0.042703 0.045414 37180.25 1505260799999 1792.94047604 1360 26699.39 1296.72954878
1505260800000 0.045384 0.047235 0.0418 0.042497 16308.66 1505347199999 718.63978403 538 3979.9 177.86753663
1505347200000 0.042498 0.044086 0.035005 0.036524 30169.21 1505433599999 1148.41804758 973 6650.17 253.68395902
1505433600000 0.036524 0.039679 0.031011 0.034411 23028.25 1505519999999 803.74164505 725 7028.28 247.40295935
1505520000000 0.034417 0.035563 0.0321 0.033082 11580.58 1505606399999 391.66621265 366 4498.48 153.06992262
1505606400000 0.034552 0.035699 0.031861 0.03348 8020.71 1505692799999 264.87728768 223 3347.95 110.41858283
1505692800000 0.033001 0.036568 0.032002 0.032754 10375.97 1505779199999 349.36563608 379 3347.51 113.15255364
1505779200000 0.033043 0.03399 0.031063 0.031227 33118.27 1505865599999 1066.99809831 5313 15180.37 490.93939685
1505865600000 0.03166 0.032726 0.029206 0.030803 43106.82 1505951999999 1338.51951827 6899 19663.73 615.82173102
1505952000000 0.03081 0.031801 0.02816 0.028392 31807.82 1506038399999 947.11003046 7302 13025.22 391.02143791
1506038400000 0.028662 0.030241 0.028015 0.02825 50621.36 1506124799999 1460.18615335 6827 28868.81 837.76813335
1506124800000 0.029444 0.02998 0.028113 0.02819 45647.6 1506211199999 1316.15138421 7606 29444.05 851.40844411
1506211200000 0.028389 0.029512 0.027305 0.02841 64164.2 1506297599999 1818.39014951 9077 39720.76 1126.75981168
1506297600000 0.028574 0.034004 0.028068 0.032693 72009.5 1506383999999 2162.19298478 7740 39804.39 1197.87679208
1506384000000 0.032657 0.035899 0.031514 0.033447 49805.33 1506470399999 1686.78604931 7732 23209.75 792.56792396
1506470400000 0.033447 0.034444 0.031511 0.03365 47604.29 1506556799999 1574.64874846 8521 18511.21 616.18671064
1506556800000 0.032725 0.038882 0.030072 0.033835 75315.84 1506643199999 2444.91795399 8784 34050.24 1111.05406506
1506643200000 0.036167 0.036167 0.032507 0.034235 51651.3 1506729599999 1745.48485724 7083 22276.4 754.05223282
1506729600000 0.033921 0.040021 0.032626 0.038271 64513.82 1506815999999 2350.46917859 8696 27452.05 998.16450055
1506816000000 0.038294 0.043 0.038001 0.041316 58242.94 1506902399999 2382.46858458 7410 29166.15 1196.66125939
1506902400000 0.041337 0.041888 0.038224 0.040263 57582.69 1506988799999 2292.65568641 7692 28081.37 1120.41780501
1506988800000 0.039722 0.0435 0.0363 0.042522 48724.55 1507075199999 1880.34884115 7604 22968.0 892.51579
1507075200000 0.042522 0.0431 0.037271 0.038619 58280.45 1507161599999 2329.99561162 7798 25587.8 1025.56162503
1507161600000 0.038961 0.041999 0.037 0.041864 44757.59 1507247999999 1798.70170772 7560 26413.88 1070.65866418
1507248000000 0.041853 0.041999 0.039 0.039752 42992.67 1507334399999 1729.37172079 7219 19252.55 776.91284132
1507334400000 0.039748 0.041045 0.037117 0.039501 44056.82 1507420799999 1700.65688033 7616 19279.66 748.34817329
1507420800000 0.04 0.040926 0.035124 0.035139 58502.93 1507507199999 2238.28050355 7864 29197.64 1127.6158559
1507507200000 0.035022 0.042999 0.034148 0.040604 65347.43 1507593599999 2527.78791949 7338 29099.78 1139.07480604
1507593600000 0.04115 0.043999 0.038559 0.04058 105055.2 1507679999999 4251.44810721 10894 50698.87 2063.0761972
1507680000000 0.040286 0.041496 0.039006 0.039837 72555.36 1507766399999 2903.19212892 10283 31606.11 1267.96870784
1507766400000 0.03984 0.040344 0.036123 0.036277 44896.94 1507852799999 1720.00909834 4654 15283.09 592.59807843
1507852800000 0.036285 0.0364 0.029009 0.032899 36577.52 1507939199999 1186.86455774 1747 9854.42 319.1754511
1507939200000 0.032094 0.034357 0.02977 0.029778 18222.59 1508025599999 570.57537859 792 8847.97 276.67122352
1508025600000 0.030001 0.031814 0.0296 0.03072 46148.61 1508111999999 1412.41562222 1659 3948.27 120.59692317
1508112000000 0.03072 0.0348 0.028053 0.034418 30414.67 1508198399999 940.77037877 1161 12596.59 403.75183666
1508198400000 0.034389 0.039 0.032736 0.037501 28176.79 1508284799999 990.26104625 1172 21210.91 750.94183463
1508284800000 0.037601 0.038 0.03512 0.036112 16666.78 1508371199999 614.48360644 758 11959.79 442.36565971
1508371200000 0.036112 0.04 0.03581 0.039 19505.71 1508457599999 744.5699253 952 13349.31 512.7701367
1508457600000 0.039322 0.049898 0.033563 0.036889 104408.14 1508543999999 4429.19172103 3024 57159.22 2446.74567468
1508544000000 0.036889 0.03832 0.03471 0.036457 20989.16 1508630399999 767.47191262 761 5236.07 195.02181307
1508630400000 0.036457 0.037398 0.0348 0.035601 11276.72 1508716799999 402.99291 368 4069.83 147.28152038
1508716800000 0.0359 0.036494 0.033839 0.034 20424.53 1508803199999 716.6064597 874 4322.54 152.6475744
1508803200000 0.034004 0.036952 0.0328 0.035497 30297.32 1508889599999 1044.8060266 893 10452.65 363.07193494
1508889600000 0.035497 0.035898 0.034014 0.0349 8468.16 1508975999999 296.79361 312 4330.67 152.3870303
1508976000000 0.0349 0.035988 0.034298 0.0354 8615.86 1509062399999 304.50981656 272 4559.07 161.83077773
1509062400000 0.035399 0.0354 0.034002 0.034699 8316.2 1509148799999 287.87068996 369 3267.72 114.01763696
1509148800000 0.0347 0.034963 0.034038 0.034038 9372.74 1509235199999 321.24734225 286 1382.91 48.11536522
1509235200000 0.034039 0.035427 0.033 0.034128 21242.65 1509321599999 731.11525502 624 5652.49 194.90014416
1509321600000 0.034128 0.034972 0.033293 0.033939 17918.43 1509407999999 607.65129954 352 7857.74 268.32949682
1509408000000 0.033432 0.035425 0.03301 0.033705 28926.88 1509494399999 990.99236018 779 8109.08 279.85441614
1509494400000 0.033622 0.034995 0.033113 0.0334 25013.72 1509580799999 843.89040435 613 7982.98 271.05413316
1509580800000 0.0334 0.034313 0.03148 0.032308 29606.15 1509667199999 977.1478682 865 2816.42 94.29056428
1509667200000 0.032996 0.0343 0.0322 0.032501 41805.52 1509753599999 1385.5850097 1217 10909.43 364.38457738
1509753600000 0.033659 0.03431 0.032545 0.033407 54136.78 1509839999999 1820.97527288 1285 13396.87 454.20746449
1509840000000 0.033808 0.0345 0.0325 0.034 38849.75 1509926399999 1306.50025632 1265 9479.43 320.82603465
1509926400000 0.034382 0.037495 0.0334 0.0341 69180.19 1510012799999 2434.50295266 1369 28466.84 1011.44964742
1510012800000 0.0341 0.0376 0.0341 0.0376 70003.31 1510099199999 2527.65855176 1310 32541.16 1177.33348168
1510099200000 0.0375 0.0397 0.036 0.03884 87060.6 1510185599999 3299.3331555 2322 30109.02 1143.47227104
1510185600000 0.038839 0.0396 0.036311 0.037305 55043.65 1510271999999 2077.97390784 1320 17898.4 680.86551122
1510272000000 0.036725 0.038495 0.0355 0.0369 38187.5 1510358399999 1424.36033861 1124 14807.13 552.2113662
1510358400000 0.037311 0.03927 0.035477 0.03681 35191.78 1510444799999 1320.0646543 892 14757.38 558.5556798
1510444800000 0.036562 0.03923 0.033866 0.034417 171004.86 1510531199999 6215.57103499 5905 77476.99 2841.44907947
1510531200000 0.03453 0.0365 0.033477 0.0365 91746.28 1510617599999 3235.01767122 1948 22710.8 806.29942949
1510617600000 0.035796 0.0371 0.0336 0.03411 133620.46 1510703999999 4689.56022625 3299 32090.46 1129.64712945
1510704000000 0.034751 0.035411 0.03411 0.034802 104384.27 1510790399999 3617.1092233 1795 36852.29 1284.20151157
1510790400000 0.0349 0.042 0.034617 0.039 307556.28 1510876799999 12034.28999714 6186 121757.2 4755.03632869
1510876800000 0.038999 0.040349 0.03721 0.04003 122992.45 1510963199999 4770.976658 3193 46133.16 1791.40682624
1510963200000 0.0401 0.042099 0.039332 0.040108 137358.43 1511049599999 5585.88127587 2885 58145.4 2358.69485492
1511049600000 0.040107 0.041089 0.036 0.039817 101523.83 1511135999999 3932.17689902 1990 45632.66 1774.8831185
1511136000000 0.03983 0.042345 0.039128 0.04045 151031.77 1511222399999 6152.57212307 3328 76614.69 3114.09320692
1511222400000 0.04042 0.040921 0.03811 0.038802 68407.8 1511308799999 2682.2322206 1675 33557.1 1318.92149166
1511308800000 0.039109 0.039109 0.035525 0.03695 83989.74 1511395199999 3173.55697433 3256 48803.47 1844.57024311
1511395200000 0.036937 0.036948 0.032283 0.0334 99102.7 1511481599999 3460.25280012 3569 58510.42 2040.484766
1511481600000 0.0336 0.034056 0.029122 0.030052 86598.37 1511567999999 2770.97179863 2827 37887.01 1211.94343158
1511568000000 0.02995 0.032138 0.029449 0.030585 83253.77 1511654399999 2535.87101072 2546 43663.67 1334.02705072
1511654400000 0.030963 0.03295 0.030005 0.031097 72926.06 1511740799999 2276.93074368 2137 26244.08 823.78234677
1511740800000 0.0311 0.031494 0.0293 0.03009 71334.5 1511827199999 2149.24465913 2154 27287.39 826.7987869
1511827200000 0.03009 0.034 0.0296 0.0306 115688.56 1511913599999 3617.01814276 2739 45464.8 1423.60961773
1511913600000 0.030506 0.030969 0.000108 0.028499 142635.9 1511999999999 4078.40945128 3943 49367.16 1419.85214398
1512000000000 0.028157 0.028661 0.027203 0.027749 82273.34 1512086399999 2284.31838552 3130 32315.16 898.28382489
1512086400000 0.027745 0.028263 0.027103 0.02765 46294.07 1512172799999 1275.94324192 1835 16473.66 455.26921495
1512172800000 0.02765 0.0279 0.026904 0.02715 63264.51 1512259199999 1726.8593885 1857 28629.92 781.74485294
1512259200000 0.027154 0.029199 0.027002 0.027511 95744.89 1512345599999 2653.66554076 3626 34633.82 964.66517853
1512345600000 0.027729 0.02998 0.027302 0.028803 104152.46 1512431999999 2941.63346721 3543 34969.22 988.73348508
1512432000000 0.028806 0.02936 0.027301 0.027352 158342.16 1512518399999 4469.14687467 4385 81748.26 2304.58841691
1512518400000 0.027351 0.028151 0.026012 0.026275 119849.51 1512604799999 3242.72714736 4003 40801.61 1107.70765132
1512604800000 0.026275 0.035 0.025402 0.025979 232221.55 1512691199999 6586.30824385 7647 90495.57 2624.9814342
1512691200000 0.025998 0.0284 0.02457 0.026999 159710.72 1512777599999 4186.06634086 5888 51440.36 1351.47276001
1512777600000 0.026998 0.026999 0.02311 0.025375 92599.31 1512863999999 2329.01637372 3545 51672.81 1298.5551002
1512864000000 0.025288 0.027 0.022714 0.02433 76681.45 1512950399999 1950.47079636 2560 43137.76 1106.32153376
1512950400000 0.024318 0.0328 0.023778 0.025518 130977.35 1513036799999 3586.66623718 4534 86186.34 2370.5939267
1513036800000 0.025501 0.0268 0.0011 0.023044 188844.76 1513123199999 4348.9549117 4569 84984.58 2053.19610265
1513123200000 0.023054 0.028666 0.023044 0.0243 175504.68 1513209599999 4493.8266266 6122 84568.5 2174.79193428
1513209600000 0.024499 0.0296 0.022716 0.028901 284659.62 1513295999999 7098.20624633 6814 180585.59 4503.27209377
1513296000000 0.0291 0.048 0.027 0.043 316075.26 1513382399999 11159.56314789 12926 195127.51 6927.10308071
1513382400000 0.043 0.0455 0.039378 0.040958 165226.93 1513468799999 6896.27505236 8109 98482.79 4123.09998621
1513468800000 0.04095 0.0445 0.038005 0.040402 68043.78 1513555199999 2716.83082988 4524 39654.44 1587.57671675
1513555200000 0.040402 0.069937 0.039 0.062174 232063.38 1513641599999 12918.43890794 13692 141677.09 7901.43123576
1513641600000 0.062174 0.09 0.061503 0.076069 213959.47 1513727999999 16656.85833098 21632 125346.85 9765.18734123
1513728000000 0.076069 0.077309 0.067 0.068873 97211.21 1513814399999 6889.64271236 11155 44784.08 3176.19361951
1513814400000 0.068872 0.0769 0.064001 0.066822 94018.62 1513900799999 6395.91772189 8773 49974.49 3401.98937421
1513900800000 0.066803 0.068 0.057095 0.063002 106360.92 1513987199999 6649.48850458 9768 50455.74 3169.43174477
1513987200000 0.063155 0.07 0.063155 0.067659 78615.93 1514073599999 5244.50879729 7832 39605.05 2635.67305572
1514073600000 0.067659 0.068 0.063265 0.066278 67667.08 1514159999999 4446.24397146 10496 29699.58 1956.95046424
1514160000000 0.066278 0.068497 0.06 0.066866 75110.52 1514246399999 4893.13204356 8682 33080.43 2142.80434386
1514246400000 0.065402 0.067544 0.062001 0.065134 56905.16 1514332799999 3676.5669399 7447 27819.7 1799.70341325
1514332800000 0.06523 0.065731 0.063001 0.0647 34465.53 1514419199999 2222.49695098 4724 21612.06 1395.88466387
1514419200000 0.0647 0.068085 0.060818 0.066692 47140.63 1514505599999 3022.77350051 6260 22158.65 1425.55438731
1514505600000 0.066724 0.071 0.064963 0.068361 67485.29 1514591999999 4611.59237582 7182 35230.17 2398.48113854
1514592000000 0.06865 0.085 0.0645 0.06928 93402.48 1514678399999 6806.52349657 11813 43600.58 3230.33944859
1514678400000 0.070171 0.074498 0.068543 0.071423 65271.4 1514764799999 4620.71725624 7664 26525.02 1881.57904537
1514764800000 0.071971 0.072383 0.0675 0.068361 54128.28 1514851199999 3786.12285972 6256 21635.69 1512.17123304
1514851200000 0.068369 0.068816 0.0578 0.0626 95041.55 1514937599999 5889.4702047 11175 38521.78 2381.97498724
1514937600000 0.062601 0.063 0.054114 0.05524 104137.39 1515023999999 6227.21503616 11188 47038.47 2816.58258016
1515024000000 0.05524 0.056298 0.048 0.049995 150079.31 1515110399999 7698.00232195 15453 67302.56 3467.61089082
1515110400000 0.049995 0.061999 0.044715 0.051985 226646.18 1515196799999 11532.04154131 20982 102611.63 5226.73342873
1515196800000 0.051985 0.076 0.046 0.072005 277887.97 1515283199999 16197.82032519 24583 135681.54 8111.73392861
1515283200000 0.072005 0.08188 0.052009 0.054156 448851.99 1515369599999 29007.07093641 38147 184720.74 12151.89655225
1515369600000 0.054156 0.055686 0.046111 0.048357 214319.44 1515455999999 10613.67643362 20530 84948.29 4181.54508499
1515456000000 0.048359 0.050691 0.039 0.040255 183761.25 1515542399999 8356.14570915 16300 68115.44 3098.32546325
1515542400000 0.040255 0.044762 0.036155 0.04212 136168.67 1515628799999 5364.91481407 15784 63478.47 2503.69665141
1515628800000 0.042121 0.042768 0.035601 0.039754 114348.93 1515715199999 4459.84816312 13212 48212.55 1882.97979114
1515715200000 0.03956 0.042999 0.038328 0.039926 107371.85 1515801599999 4257.78179936 11679 50467.17 2001.83934756
1515801600000 0.039925 0.044 0.03756 0.039701 149828.01 1515887999999 6009.34355358 21560 64540.62 2592.5437724
1515888000000 0.039839 0.042499 0.03755 0.039879 109615.45 1515974399999 4246.96547896 13123 49355.89 1914.62860624
1515974400000 0.039976 0.044899 0.038501 0.040456 168196.91 1516060799999 6974.9742682 17482 81566.0 3384.67951381
1516060800000 0.04046 0.040461 0.032325 0.034026 156557.98 1516147199999 5868.57389887 18622 65336.33 2455.26406103
1516147200000 0.034183 0.037199 0.033 0.036149 159042.51 1516233599999 5611.58019688 17652 71667.76 2529.14899594
1516233600000 0.036153 0.037202 0.035236 0.036216 117886.51 1516319999999 4291.29881592 12692 52012.23 1896.0866178
1516320000000 0.036287 0.038921 0.036054 0.0373 99887.19 1516406399999 3731.52712316 10698 44520.64 1660.53005416
1516406400000 0.037416 0.0458 0.035635 0.045299 168681.05 1516492799999 6618.07844332 17807 79495.11 3131.40372567
1516492800000 0.045128 0.0462 0.0395 0.041034 154572.39 1516579199999 6565.93716899 17883 77008.8 3266.11609679
1516579200000 0.041034 0.041411 0.038 0.039611 78516.66 1516665599999 3112.86369435 8410 33184.3 1317.12567352
1516665600000 0.039611 0.040991 0.03865 0.0395 59410.5 1516751999999 2370.79221182 6165 26949.43 1075.76964634
1516752000000 0.039657 0.040929 0.037893 0.038038 67570.82 1516838399999 2661.77960398 6565 33623.56 1326.95856824
1516838400000 0.038038 0.04 0.0371 0.038467 52873.04 1516924799999 2013.90289971 7795 27573.14 1050.33967994
1516924800000 0.038506 0.038954 0.035781 0.037638 65057.45 1517011199999 2430.37961211 6485 27514.37 1029.18794284
1517011200000 0.037638 0.038089 0.035741 0.035743 41998.32 1517097599999 1535.33573201 4060 20203.24 738.36587017
1517097600000 0.035742 0.0359 0.03299 0.034307 55747.91 1517183999999 1920.73575512 7295 27466.19 947.82671691
1517184000000 0.034443 0.03647 0.034307 0.035311 69243.67 1517270399999 2443.55963611 11403 30721.41 1084.14495688
1517270400000 0.035484 0.035752 0.033284 0.033801 60185.77 1517356799999 2085.01707968 6366 24876.47 857.43712885
1517356800000 0.033803 0.037302 0.03281 0.03661 74136.37 1517443199999 2576.00790632 10804 34712.85 1206.76725118
1517443200000 0.036611 0.036998 0.030504 0.033832 95049.16 1517529599999 3197.93984112 12748 42322.83 1416.67037695
1517529600000 0.033856 0.034085 0.029754 0.033526 103442.5 1517615999999 3299.86301903 16163 48424.66 1550.07852084
1517616000000 0.033458 0.033458 0.031 0.031666 61941.72 1517702399999 1974.06376145 11231 28082.8 895.59760253
1517702400000 0.031822 0.032339 0.030291 0.031483 52988.04 1517788799999 1664.68359557 8305 28957.12 910.95321049
1517788800000 0.031483 0.031483 0.028418 0.02883 70223.36 1517875199999 2098.11335118 13062 35480.44 1061.483245
1517875200000 0.028831 0.0308 0.0279 0.0298 91256.67 1517961599999 2617.33532682 15196 39158.55 1123.34392565
1517961600000 0.0297 0.0303 0.02831 0.028626 57767.93 1518047999999 1672.57712864 10162 23662.28 685.64161163
1518048000000 0.028321 0.028825 0.028321 0.028431 528.05 1518134399999 15.09326941 106 237.49 6.79266278
1518134400000 0.028717 0.035228 0.028717 0.0341 69901.13 1518220799999 2367.77323736 7303 32320.01 1092.98343118
1518220800000 0.0341 0.036883 0.032618 0.033776 66465.6 1518307199999 2277.17037604 10344 33190.91 1137.59327679
1518307200000 0.033708 0.03394 0.031551 0.032559 38595.51 1518393599999 1263.29613344 7174 17766.49 582.69321087
1518393600000 0.032398 0.034599 0.032398 0.033515 30129.86 1518479999999 1008.57586358 5607 16070.86 538.84608836
1518480000000 0.033641 0.035072 0.033006 0.034148 30469.4 1518566399999 1029.94664563 5503 15961.41 539.73497144
1518566400000 0.034152 0.036406 0.034 0.034616 55373.81 1518652799999 1939.60008466 9888 27315.48 959.46397932
1518652800000 0.034787 0.035741 0.0335 0.034024 36204.31 1518739199999 1241.015735 5798 15632.21 537.32724152
1518739200000 0.034186 0.034781 0.0332 0.033827 28857.93 1518825599999 976.82954267 4911 10671.55 361.97020481
1518825600000 0.033827 0.034659 0.033105 0.033505 23937.24 1518911999999 805.96179754 4578 10908.96 367.4514282
1518912000000 0.033505 0.0338 0.0316 0.032505 26583.82 1518998399999 869.72974432 5525 13248.55 433.60135541
1518998400000 0.032559 0.033845 0.032245 0.03335 29860.66 1519084799999 996.47033182 4641 14657.32 489.2538213
1519084800000 0.03336 0.03379 0.032212 0.032634 28209.16 1519171199999 929.04778674 3968 11664.9 385.09005837
1519171200000 0.0326 0.032766 0.03115 0.0314 25278.46 1519257599999 803.01000038 4274 10874.91 345.80245169
1519257600000 0.031516 0.032069 0.030267 0.031236 24799.99 1519343999999 773.7443219 3762 11194.54 350.43847045
1519344000000 0.031084 0.031977 0.0296 0.030863 22178.0 1519430399999 671.96554235 3670 10856.76 328.81105003
1519430400000 0.031096 0.031768 0.029621 0.030086 26744.52 1519516799999 818.14573739 6330 11867.7 364.11270278
1519516800000 0.030092 0.030294 0.02928 0.029807 11647.48 1519603199999 347.30575717 2119 5371.96 160.39049959
1519603200000 0.029904 0.033436 0.028755 0.031745 46884.54 1519689599999 1473.53695289 7380 23274.82 731.30578531
1519689600000 0.031745 0.032499 0.0308 0.031196 24867.69 1519775999999 782.57878362 4326 12358.15 389.14431721
1519776000000 0.031202 0.031573 0.029645 0.029943 23050.87 1519862399999 702.86544394 5243 11843.51 361.3590561
1519862400000 0.029943 0.030924 0.029 0.030296 25630.0 1519948799999 766.0077647 2969 13180.32 393.56603385
1519948800000 0.030294 0.030538 0.029255 0.029926 16167.53 1520035199999 481.76155388 2961 8208.91 244.81281479
1520035200000 0.029993 0.030489 0.02938 0.029751 14085.62 1520121599999 420.44521225 2337 7729.22 230.7561879
1520121600000 0.029815 0.030914 0.029401 0.030498 14932.23 1520207999999 444.8218988 2375 7299.3 217.9102977
1520208000000 0.030498 0.031914 0.029987 0.03072 30067.31 1520294399999 929.47190089 4295 15404.54 476.42945208
1520294400000 0.03072 0.031463 0.029882 0.030262 23508.02 1520380799999 714.06455426 3291 7112.98 216.45187318
1520380800000 0.030301 0.030536 0.027783 0.028768 37209.64 1520467199999 1092.9934244 5280 15302.94 449.74871896
1520467200000 0.028768 0.029138 0.027511 0.028068 31830.53 1520553599999 896.31517697 3678 13711.64 386.44393111
1520553600000 0.028001 0.028154 0.026 0.02637 157537.51 1520639999999 4174.63202135 9817 56601.42 1506.21763319
1520640000000 0.02637 0.026743 0.025912 0.026247 26346.01 1520726399999 691.85876094 2404 10906.26 286.37781451
1520726400000 0.026214 0.02693 0.0259 0.026562 17398.68 1520812799999 457.31464044 2566 9143.48 240.53104019
1520812800000 0.026562 0.02669 0.025782 0.02598 35090.26 1520899199999 914.69860416 3301 12517.72 326.09344605
1520899200000 0.025982 0.0262 0.025602 0.026192 16110.27 1520985599999 417.67983321 1909 6135.86 159.46568811
1520985600000 0.026099 0.0265 0.025836 0.025837 13213.15 1521071999999 345.54496141 2362 6624.42 173.62126231
1521072000000 0.025872 0.027 0.024443 0.025435 59650.98 1521158399999 1510.94013217 7245 32168.1 813.2880463
1521158400000 0.025435 0.025747 0.024347 0.024652 18028.86 1521244799999 448.49490009 3524 9017.14 224.16782327
1521244800000 0.024652 0.024948 0.023715 0.024404 54764.89 1521331199999 1331.10234296 5825 42081.62 1022.39613063
1521331200000 0.024454 0.025331 0.023273 0.024735 114620.68 1521417599999 2743.93086621 13527 82322.06 1970.59973064
1521417600000 0.024711 0.038 0.0247 0.035708 373920.65 1521503999999 11534.80395371 41497 175787.89 5431.34437986
1521504000000 0.035701 0.039999 0.034712 0.036598 644637.68 1521590399999 24127.43215967 71809 290051.86 10875.2570899
1521590400000 0.036595 0.037264 0.033456 0.03498 454012.65 1521676799999 15936.49661723 35953 227526.87 7979.85381771
1521676800000 0.034945 0.03665 0.033865 0.035688 410982.08 1521763199999 14216.71572056 31063 195918.6 6787.79085248
1521763200000 0.035688 0.03575 0.0337 0.034023 373535.94 1521849599999 12986.86898013 25807 177631.91 6179.83669449
1521849600000 0.034023 0.036335 0.0336 0.034098 289825.46 1521935999999 9935.95867216 23579 140681.01 4825.02739205
1521936000000 0.034039 0.035221 0.033794 0.034262 249478.11 1522022399999 8578.05834862 16873 131739.67 4528.21061663
1522022400000 0.034242 0.0348 0.03179 0.032924 1058887.09 1522108799999 35307.42007357 44556 331961.21 11166.0993556
1522108800000 0.032931 0.0361 0.03173 0.03376 170062.27 1522195199999 5681.82893864 19405 90779.58 3027.12938658
1522195200000 0.033696 0.035292 0.033609 0.034761 71193.76 1522281599999 2448.7117717 10784 32445.29 1116.38027271
1522281600000 0.034756 0.036999 0.034432 0.036724 69833.79 1522367999999 2486.77832672 8948 42115.82 1501.4096412
1522368000000 0.036725 0.037237 0.035843 0.036046 70608.14 1522454399999 2573.24342684 11472 38960.64 1420.92212034
1522454400000 0.036046 0.036331 0.034808 0.035626 31456.75 1522540799999 1116.16063936 5944 14811.75 526.20824379
1522540800000 0.035626 0.0361 0.0349 0.035294 40118.49 1522627199999 1423.51293403 4889 16033.15 570.97300787
1522627200000 0.035373 0.038096 0.035088 0.036798 100031.79 1522713599999 3661.3167032 12126 47953.69 1760.43885169
1522713600000 0.036869 0.0379 0.03578 0.036176 53309.9 1522799999999 1958.53724232 7626 26964.99 992.39653653
1522800000000 0.036168 0.03633 0.035441 0.035819 32471.83 1522886399999 1163.78563031 5785 16434.57 589.64160854
1522886400000 0.035819 0.035819 0.034257 0.034982 44571.53 1522972799999 1556.88371717 9361 21651.17 757.02146508
1522972800000 0.034938 0.035335 0.034189 0.034632 40438.59 1523059199999 1403.39005948 5980 22463.93 780.39809582
1523059200000 0.034638 0.035893 0.033852 0.033912 31888.53 1523145599999 1100.89041846 6365 16376.78 565.13854593
1523145600000 0.033912 0.034136 0.033243 0.033462 17039.61 1523231999999 573.17315199 3270 8544.85 287.60836971
1523232000000 0.033464 0.035597 0.032555 0.033678 63289.73 1523318399999 2135.15603868 8207 34291.73 1158.87550489
1523318400000 0.033615 0.033662 0.032306 0.032393 21094.96 1523404799999 694.66392865 3389 9668.16 318.92444803
1523404800000 0.032402 0.033968 0.032 0.033354 53316.05 1523491199999 1752.25154933 7318 30056.77 988.05444359
1523491200000 0.033358 0.0342 0.028 0.033355 116108.81 1523577599999 3819.00020595 16634 55923.61 1850.53846602
1523577600000 0.033355 0.0352 0.031547 0.031565 109886.62 1523663999999 3631.24547605 13072 52354.89 1727.83583572
1523664000000 0.031703 0.032284 0.031234 0.031474 52158.67 1523750399999 1654.24268441 5591 26950.07 855.712238
1523750400000 0.031494 0.032606 0.0312 0.031509 35814.42 1523836799999 1138.62470444 5331 18032.51 573.84719536
1523836800000 0.031485 0.032537 0.030918 0.032537 42303.72 1523923199999 1329.33633982 7331 20520.49 646.2480295
1523923200000 0.032537 0.032921 0.031996 0.032339 41484.52 1524009599999 1345.73202153 5529 20787.29 674.78092501
1524009600000 0.032244 0.033781 0.03219 0.033368 40167.89 1524095999999 1327.73125005 5400 19728.74 652.59153113
1524096000000 0.033368 0.034307 0.032471 0.032768 72089.66 1524182399999 2402.39280811 9764 32765.49 1091.68102293
1524182400000 0.032668 0.033967 0.032086 0.032912 80633.2 1524268799999 2643.21865095 10035 38223.12 1254.4702152
1524268800000 0.032912 0.033639 0.030001 0.031922 68111.18 1524355199999 2172.79985687 8206 31639.03 1011.11755817
1524355200000 0.031949 0.031949 0.030602 0.030761 43308.43 1524441599999 1348.30410258 6073 21829.58 680.04068449
1524441600000 0.030746 0.03288 0.030746 0.031825 61955.91 1524527999999 1978.46507696 8210 31760.02 1014.90562139
1524528000000 0.031781 0.033963 0.030573 0.032118 123049.07 1524614399999 3938.10644914 13879 59831.86 1916.36411404
1524614400000 0.032252 0.032378 0.03037 0.030959 150180.26 1524700799999 4676.91960459 16180 64582.55 2014.12806869
1524700800000 0.03092 0.032054 0.02966 0.031685 166363.56 1524787199999 5157.94921862 16162 66000.77 2047.15178241
1524787200000 0.031772 0.031775 0.029905 0.030522 102751.62 1524873599999 3162.99712466 14461 43509.57 1341.19677082
1524873600000 0.030523 0.032084 0.030129 0.031581 107442.36 1524959999999 3343.56788069 14604 65576.43 2050.59236037
1524960000000 0.031557 0.03458 0.030258 0.033381 147233.63 1525046399999 4780.6465549 18985 81661.07 2653.24601955
1525046400000 0.03328 0.037188 0.0325 0.033413 185873.4 1525132799999 6450.8071699 22792 93867.43 3258.2567617
1525132800000 0.033478 0.033619 0.032006 0.032829 78324.2 1525219199999 2551.1958338 10562 34077.27 1110.44719344
1525219200000 0.032729 0.032926 0.031805 0.032328 76375.62 1525305599999 2456.41980053 8294 46936.92 1509.89884743
1525305600000 0.032424 0.03252 0.0291 0.029247 112782.84 1525391999999 3440.37163538 14500 63033.97 1923.01583249
1525392000000 0.029247 0.03055 0.027657 0.02812 108402.8 1525478399999 3110.99640152 11496 70372.28 2020.50945712
1525478400000 0.02812 0.028283 0.027328 0.027378 119557.56 1525564799999 3322.08945341 9225 73727.99 2049.79493403
1525564800000 0.027372 0.029474 0.02722 0.028784 160036.1 1525651199999 4500.88599179 13196 99851.7 2810.71349359
1525651200000 0.028838 0.029858 0.027935 0.028331 120285.93 1525737599999 3463.78569771 11235 76463.6 2205.33362056
1525737600000 0.02833 0.028434 0.027397 0.027569 69162.5 1525823999999 1939.0868678 7002 54146.19 1518.85846177
1525824000000 0.027558 0.027566 0.02639 0.026477 65582.46 1525910399999 1756.88869544 8180 35834.52 960.17247624
1525910400000 0.026535 0.026581 0.02511 0.025235 45987.22 1525996799999 1195.04210575 8039 25074.0 652.15716866
1525996800000 0.025236 0.025316 0.024666 0.02472 9597.44 1526083199999 239.09839887 1700 4250.48 105.81851858
