1504483200000 0.00364 0.00364 0.0022 0.002626 10646.98 1504569599999 29.22798478 374 2738.83 7.82800202
1504569600000 0.002626 0.0029 0.002235 0.002715 30165.69 1504655999999 79.34431984 1146 16100.95 42.92069975
1504656000000 0.002715 0.002871 0.0022 0.002574 71783.94 1504742399999 180.73081033 2525 49003.28 123.93670685
1504742400000 0.002522 0.00339 0.002329 0.003045 39544.54 1504828799999 108.43867887 1251 22605.76 62.02591223
1504828800000 0.00327 0.003638 0.00255 0.0031 49945.88 1504915199999 160.64316819 1542 28496.84 92.38936006
1504915200000 0.003031 0.003315 0.002871 0.003121 16647.59 1505001599999 50.36021014 646 7790.97 23.68443421
1505001600000 0.003124 0.0032 0.002777 0.003051 14267.15 1505087999999 42.90397213 635 8245.49 25.03221471
1505088000000 0.003041 0.0035 0.00298 0.0034 22815.09 1505174399999 73.05101774 648 16350.98 52.33060252
1505174400000 0.0035 0.0037 0.003011 0.003241 59622.83 1505260799999 206.23110567 2050 20380.72 70.99564765
1505260800000 0.00325 0.0033 0.002881 0.003024 105362.28 1505347199999 323.02696228 6935 55348.95 170.19740575
1505347200000 0.003006 0.003053 0.002415 0.002502 130913.97 1505433599999 353.16944055 9937 70914.84 191.1577932
1505433600000 0.002513 0.002649 0.00208 0.002411 122874.49 1505519999999 298.44226347 9511 59716.23 145.04421006
1505520000000 0.002399 0.002484 0.002224 0.002313 93009.8 1505606399999 217.13063722 8712 46224.46 107.98783941
1505606400000 0.002313 0.00245 0.002184 0.002331 67884.29 1505692799999 156.45352634 8381 38586.26 89.03312982
1505692800000 0.002331 0.002691 0.002308 0.002423 107147.77 1505779199999 265.79264609 9332 55884.48 138.711408
1505779200000 0.002423 0.002442 0.0022 0.002293 90300.81 1505865599999 210.23236334 8886 41305.62 96.472229
1505865600000 0.002291 0.002305 0.002212 0.002281 60077.13 1505951999999 135.41876216 6111 34947.35 78.89494244
1505952000000 0.002281 0.002281 0.002004 0.002045 114386.11 1506038399999 240.65036057 6829 64462.85 135.72219686
1506038400000 0.002045 0.002164 0.002004 0.002085 210453.18 1506124799999 435.53594532 10790 109275.0 226.30800181
1506124800000 0.002078 0.002191 0.002062 0.002135 223877.92 1506211199999 475.17507514 11244 122364.23 260.21965503
1506211200000 0.002135 0.002287 0.002102 0.002197 229010.78 1506297599999 497.09245341 11239 129398.19 281.59720243
1506297600000 0.002195 0.002503 0.002179 0.002429 235552.96 1506383999999 544.38178127 11828 129875.16 300.75570354
1506384000000 0.002434 0.002657 0.00238 0.002483 239764.6 1506470399999 604.34808441 12156 115696.89 291.90229999
1506470400000 0.002483 0.002532 0.002332 0.002428 238852.07 1506556799999 580.56392851 12132 118801.24 289.24758587
1506556800000 0.002447 0.002822 0.002206 0.002547 276452.16 1506643199999 655.17569283 13188 140755.91 333.74098457
1506643200000 0.002556 0.002556 0.002269 0.002422 260055.87 1506729599999 620.84558784 12384 123744.7 295.50833076
1506729600000 0.002421 0.0028 0.00235 0.002724 301037.76 1506815999999 765.10742041 13897 149099.71 380.57205897
1506816000000 0.002726 0.002994 0.002694 0.002831 308926.6 1506902399999 877.60137709 13908 148230.11 422.12313323
1506902400000 0.002831 0.00285 0.002607 0.00272 276174.46 1506988799999 746.27944795 13291 139901.26 378.56194233
1506988800000 0.00273 0.002875 0.0025 0.002875 251355.99 1507075199999 664.35817594 12910 118502.21 313.87558462
1507075200000 0.002884 0.00291 0.002608 0.002705 278974.84 1507161599999 767.81070582 13347 142030.58 391.54725044
1507161600000 0.002705 0.002876 0.002549 0.00284 255811.03 1507247999999 707.21218353 12378 128757.88 356.68104101
1507248000000 0.002849 0.002854 0.002659 0.002798 223874.12 1507334399999 621.62966114 11559 117490.74 327.12140613
1507334400000 0.002797 0.002803 0.002636 0.002802 169891.87 1507420799999 462.34867154 11215 85378.24 232.89361544
1507420800000 0.002802 0.002827 0.00234 0.002341 264056.88 1507507199999 695.77750797 12876 134274.72 353.59042794
1507507200000 0.002345 0.002759 0.002283 0.002546 304308.17 1507593599999 749.90201132 14546 160179.27 395.7170698
1507593600000 0.002546 0.002724 0.002387 0.00253 252743.82 1507679999999 633.73185127 15546 121964.4 306.33771738
1507680000000 0.002531 0.002629 0.002474 0.002504 224848.56 1507766399999 566.3403363 12143 107182.24 270.19809259
1507766400000 0.002504 0.002531 0.002026 0.002029 183135.88 1507852799999 412.82897472 10174 97576.56 219.27869113
1507852800000 0.00203 0.002036 0.00167 0.001954 286745.1 1507939199999 536.17168481 10191 143493.08 268.86793867
1507939200000 0.001954 0.002062 0.001763 0.001771 365616.77 1508025599999 692.10532806 8751 197395.66 374.75756566
1508025600000 0.001771 0.001858 0.001713 0.001809 315327.04 1508111999999 570.49764388 9862 150357.66 272.7918606
1508112000000 0.001826 0.002028 0.001735 0.001977 357599.43 1508198399999 661.03542975 9850 178781.52 331.21640456
1508198400000 0.001999 0.002198 0.001899 0.002123 368427.94 1508284799999 740.6848892 9869 179375.04 361.84360578
1508284800000 0.002123 0.0022 0.001992 0.002031 395449.77 1508371199999 821.89699446 9580 197767.99 411.55175629
1508371200000 0.00203 0.002177 0.002 0.002116 373850.89 1508457599999 783.4074392 11497 186651.87 391.4688109
1508457600000 0.00212 0.002695 0.001724 0.001874 666539.72 1508543999999 1442.11143505 15551 348244.21 758.74572285
1508544000000 0.001873 0.001875 0.001671 0.001801 355378.84 1508630399999 629.36287808 8748 187891.49 333.6350273
1508630400000 0.001814 0.001857 0.0017 0.001742 428761.22 1508716799999 766.39361905 10166 201963.92 362.14419897
1508716800000 0.001743 0.001779 0.0016 0.001648 377535.46 1508803199999 635.83342804 9738 159565.1 269.2025893
1508803200000 0.001637 0.001948 0.001561 0.001907 497138.03 1508889599999 925.73118805 12235 258681.08 483.65043947
1508889600000 0.001907 0.001916 0.001794 0.001805 312985.79 1508975999999 584.35665699 6449 186945.89 349.41423726
1508976000000 0.001805 0.001849 0.001711 0.001774 353663.42 1509062399999 635.13873726 8182 184942.99 332.70748199
1509062400000 0.001773 0.001788 0.001726 0.001754 324973.33 1509148799999 572.14330757 7278 166581.38 293.56587699
1509148800000 0.001754 0.001769 0.001725 0.001748 350890.19 1509235199999 616.0143936 7959 165995.4 291.7691774
1509235200000 0.001748 0.001804 0.00166 0.001687 355394.77 1509321599999 620.92592035 8146 176292.27 307.85465377
1509321600000 0.001683 0.001765 0.00166 0.001672 295651.28 1509407999999 501.08033327 8583 144349.91 245.02992268
1509408000000 0.001673 0.001759 0.001582 0.001583 417125.24 1509494399999 691.61050161 10332 177392.15 293.28046219
1509494400000 0.001582 0.001597 0.001415 0.001426 439892.31 1509580799999 682.57943212 9380 167136.67 260.1232988
1509580800000 0.001425 0.00145 0.001221 0.001332 452821.68 1509667199999 611.84006497 10432 237346.76 320.7687614
1509667200000 0.001322 0.001436 0.001281 0.001433 434218.43 1509753599999 585.44787404 10676 171579.97 231.28813904
1509753600000 0.001432 0.001444 0.00134 0.001343 495979.94 1509839999999 687.43665728 10802 271052.33 376.44841663
1509840000000 0.001357 0.001377 0.001304 0.00137 393340.03 1509926399999 526.06533809 10226 200143.65 268.3693336
1509926400000 0.001355 0.00153 0.001343 0.001459 561857.1 1510012799999 799.55575239 12636 302044.41 430.54330053
1510012800000 0.001459 0.001549 0.001442 0.001535 551801.99 1510099199999 828.41904786 11735 256055.14 386.0040094
1510099200000 0.001536 0.001697 0.00148 0.001604 665547.57 1510185599999 1030.64743669 16193 331518.75 515.90122682
1510185600000 0.001605 0.00169 0.0016 0.001665 468226.56 1510271999999 775.35883592 10443 215598.01 358.15828545
1510272000000 0.001664 0.001728 0.001619 0.001688 456596.22 1510358399999 764.99117767 11168 242842.81 408.35529076
1510358400000 0.00168 0.001897 0.00168 0.001839 539961.09 1510444799999 951.15751606 13923 294403.08 518.10574161
1510444800000 0.001832 0.001924 0.0017 0.001811 570865.43 1510531199999 1030.97114191 16910 262159.7 475.09486074
1510531200000 0.001819 0.001871 0.001636 0.001736 533990.98 1510617599999 932.84320621 14113 262908.04 458.86955446
1510617600000 0.001726 0.001798 0.001661 0.001737 513776.38 1510703999999 890.6875111 16843 243973.19 424.29792641
1510704000000 0.001737 0.00175 0.001552 0.001581 525670.43 1510790399999 860.93833057 12401 212155.61 347.80931702
1510790400000 0.00159 0.001924 0.001567 0.001638 802555.62 1510876799999 1400.50748012 20512 351626.87 614.18089059
1510876800000 0.001638 0.001735 0.00156 0.001725 597083.47 1510963199999 979.03973271 14146 268502.25 440.90166693
1510963200000 0.001726 0.001839 0.001693 0.001788 590924.06 1511049599999 1044.16644255 13647 265227.56 468.6438589
1511049600000 0.001789 0.001823 0.001703 0.001745 480111.37 1511135999999 850.70492759 12118 200624.96 355.91424932
1511136000000 0.001748 0.001879 0.001734 0.00182 618731.57 1511222399999 1123.18946828 15858 298633.18 542.337536
1511222400000 0.001816 0.001824 0.00172 0.001726 542353.71 1511308799999 955.14293234 11489 246196.49 432.71436756
1511308800000 0.001737 0.001738 0.001623 0.001714 487381.24 1511395199999 825.91513661 16719 232997.79 394.98157307
1511395200000 0.001705 0.001731 0.001642 0.001714 484322.99 1511481599999 819.57146759 16239 248813.67 420.99138469
1511481600000 0.001715 0.001745 0.001571 0.001726 425125.42 1511567999999 712.02226571 14065 210255.49 352.55258656
1511568000000 0.001727 0.0018 0.00162 0.001641 456102.68 1511654399999 774.29919366 12925 203317.81 345.73823621
1511654400000 0.001639 0.001639 0.001534 0.001577 467174.94 1511740799999 739.82841435 12785 223975.24 354.77801645
1511740800000 0.001576 0.00158 0.001459 0.001466 425746.3 1511827199999 635.58587114 12360 193599.6 289.27957674
1511827200000 0.001467 0.00166 0.00141 0.00144 666944.04 1511913599999 992.3761942 16856 310062.46 462.34011755
1511913600000 0.001439 0.001448 0.001212 0.001227 551182.46 1511999999999 714.43591329 16118 258017.3 334.64511829
1512000000000 0.001229 0.00125 0.001169 0.001207 374448.64 1512086399999 453.09542184 12221 176355.12 213.85084001
1512086400000 0.001207 0.001226 0.00115 0.001176 390300.0 1512172799999 466.03505888 10527 194632.19 232.64565343
1512172800000 0.001175 0.001177 0.001126 0.001148 345980.91 1512259199999 397.76788616 8932 148612.0 171.06908397
1512259200000 0.001144 0.001216 0.001121 0.001138 411844.95 1512345599999 470.96807431 11836 192319.85 220.57833095
1512345600000 0.001138 0.001222 0.0011 0.001159 519306.73 1512431999999 597.40958585 13330 245910.42 283.96578528
1512432000000 0.001159 0.001168 0.001051 0.001059 653508.36 1512518399999 727.53718615 16860 353530.95 393.49285137
1512518400000 0.001059 0.001064 0.000778 0.000805 608035.01 1512604799999 567.657775 15347 350584.01 326.81643683
1512604800000 0.0008 0.001 0.000619 0.000633 1129063.16 1512691199999 882.90794989 22608 561967.93 444.55558974
1512691200000 0.000633 0.000809 0.000598 0.000743 934666.47 1512777599999 676.81342891 22930 415825.71 300.39774693
1512777600000 0.000743 0.00086 0.000726 0.000796 749568.39 1512863999999 594.16180314 17504 356807.51 284.08324217
1512864000000 0.000796 0.000843 0.0002 0.000687 803645.47 1512950399999 616.13631059 17572 375871.84 291.30639628
1512950400000 0.000687 0.000927 0.000678 0.00079 970508.15 1513036799999 734.81113354 18797 460518.77 346.83886723
1513036800000 0.00079 0.000915 0.000766 0.000881 853989.05 1513123199999 695.05994043 19097 396811.98 324.17284752
1513123200000 0.000877 0.001127 0.000871 0.001038 1104378.21 1513209599999 1107.45064627 29314 554448.55 556.74338496
1513209600000 0.001039 0.001227 0.00089 0.001209 967915.83 1513295999999 1050.93256036 24326 448642.93 488.68083004
1513296000000 0.001209 0.00183 0.000914 0.00167 2042355.49 1513382399999 2792.06964504 45990 1143528.07 1586.88945067
1513382400000 0.00166 0.00177 0.00139 0.001456 1550615.2 1513468799999 2432.4687863 38689 731130.17 1152.73152679
1513468800000 0.001456 0.001616 0.001378 0.001498 1258232.14 1513555199999 1844.88228039 23366 486871.97 715.49132813
1513555200000 0.001499 0.0028 0.001473 0.002586 1903538.35 1513641599999 4165.3731551 55183 906620.96 1993.29916874
1513641600000 0.002594 0.00387 0.002516 0.003514 2684629.45 1513727999999 9367.13114496 87487 1054490.85 3650.28510953
1513728000000 0.003515 0.003563 0.003083 0.003326 1113220.64 1513814399999 3715.51283173 39029 399829.64 1332.0514434
1513814400000 0.003326 0.003679 0.003232 0.003375 1707212.31 1513900799999 5734.12103756 34295 574109.81 1930.59955084
1513900800000 0.003395 0.003427 0.002665 0.003013 1710353.71 1513987199999 5273.5100874 39947 879395.08 2702.97750846
1513987200000 0.003013 0.003384 0.003008 0.003276 592969.63 1514073599999 1905.94621362 23409 332211.93 1067.38143426
1514073600000 0.003276 0.003286 0.00295 0.003235 517296.84 1514159999999 1640.162756 15880 276663.0 877.3226702
1514160000000 0.003233 0.003539 0.003136 0.003404 1981040.0 1514246399999 6587.32653428 31801 821806.65 2749.98657976
1514246400000 0.003402 0.003506 0.0004 0.00314 2137369.4 1514332799999 6724.80873542 33877 700831.69 2218.11759145
1514332800000 0.003136 0.003145 0.00297 0.003096 1474707.59 1514419199999 4531.54260172 28435 588006.59 1810.24824486
1514419200000 0.003096 0.0034 0.002941 0.003339 1003429.5 1514505599999 3169.98364768 35391 526465.39 1662.15076845
1514505600000 0.00334 0.00366 0.003251 0.003507 946718.62 1514591999999 3306.342847 38581 498715.7 1741.26999801
1514592000000 0.003507 0.00448 0.003363 0.00383 1138197.74 1514678399999 4258.05684029 52639 500812.74 1860.86618963
1514678400000 0.003822 0.003945 0.0037 0.003839 925578.21 1514764799999 3542.86008695 36715 476467.62 1825.87282401
1514764800000 0.003837 0.004049 0.003742 0.003857 913689.66 1514851199999 3548.93725902 37370 446313.43 1734.65944916
1514851200000 0.003858 0.003982 0.003187 0.003642 1073552.25 1514937599999 4073.09469678 44821 585147.3 2225.5119932
1514937600000 0.003643 0.00367 0.0034 0.003454 1038760.18 1515023999999 3648.76258272 43045 506734.07 1781.29393289
1515024000000 0.003456 0.003599 0.00307 0.003072 1272530.06 1515110399999 4233.75872986 61645 600144.74 1999.24629213
1515110400000 0.00308 0.003838 0.002737 0.002943 1502828.51 1515196799999 4731.25590107 68809 732931.86 2311.11093793
1515196800000 0.002943 0.00443 0.002651 0.004233 1925278.23 1515283199999 6469.19444555 83771 963588.16 3267.16001031
1515283200000 0.004232 0.004996 0.003555 0.00375 2111446.31 1515369599999 8668.2886087 116805 1113825.99 4569.76234543
1515369600000 0.00375 0.003895 0.0034 0.003678 1125352.08 1515455999999 4182.64871559 63579 570505.51 2120.23825571
1515456000000 0.003675 0.003885 0.003567 0.003605 1133751.22 1515542399999 4161.3608478 51892 544533.47 1998.79502949
1515542400000 0.003617 0.00403 0.00351 0.003549 1064020.07 1515628799999 3892.57124333 53103 495769.91 1818.4509042
1515628800000 0.003549 0.00365 0.003212 0.003406 997546.92 1515715199999 3461.22443583 49555 496190.95 1721.21552107
1515715200000 0.003407 0.003721 0.003351 0.003644 406218.64 1515801599999 1439.77296199 32891 201045.31 713.45334352
1515801600000 0.00364 0.004051 0.003522 0.003877 615761.84 1515887999999 2319.29765506 46259 358276.07 1350.10205891
1515888000000 0.003877 0.004189 0.003628 0.003974 358885.71 1515974399999 1364.34668964 33124 202327.45 768.54169497
1515974400000 0.003977 0.0042 0.00376 0.003803 598442.18 1516060799999 2392.41198886 48063 344095.76 1377.36678932
1516060800000 0.003803 0.00383 0.002817 0.003129 514515.58 1516147199999 1770.06580675 46836 241237.49 833.57609468
1516147200000 0.003129 0.003393 0.00287 0.003288 506991.3 1516233599999 1588.72688713 42938 234975.34 739.80538058
1516233600000 0.00329 0.003397 0.003155 0.0033 374563.09 1516319999999 1232.30711668 33148 182700.07 601.30547274
1516320000000 0.003302 0.003625 0.003259 0.00336 291058.31 1516406399999 985.89039495 24240 143223.09 486.14114568
1516406400000 0.003357 0.004115 0.00315 0.004093 509684.51 1516492799999 1801.70321658 43304 262935.89 933.26350737
1516492800000 0.004059 0.00418 0.003628 0.003741 477715.54 1516579199999 1837.14812291 42466 233728.35 897.89215792
1516579200000 0.003741 0.003743 0.003501 0.003678 250934.52 1516665599999 912.69418831 21251 125953.07 458.48991084
1516665600000 0.003663 0.003723 0.00355 0.003591 160785.6 1516751999999 585.76658306 15878 78377.32 285.73262159
1516752000000 0.003591 0.003715 0.003521 0.00356 170306.14 1516838399999 616.21636899 15101 82923.25 300.12561693
1516838400000 0.00356 0.00376 0.00351 0.003634 186613.15 1516924799999 671.85634303 16325 100527.73 362.17987074
1516924800000 0.003633 0.003652 0.003404 0.003561 167406.86 1517011199999 594.3037413 16335 84652.91 300.46154478
1517011200000 0.003568 0.003613 0.003456 0.003483 116946.83 1517097599999 410.30814938 10603 58424.13 205.12723521
1517097600000 0.003472 0.00364 0.003431 0.003631 117998.48 1517183999999 416.1786055 13985 60377.41 213.24917475
1517184000000 0.00363 0.003781 0.003616 0.003695 165930.3 1517270399999 614.2043825 20218 87971.01 325.84657517
1517270400000 0.003704 0.003729 0.003529 0.003584 156985.8 1517356799999 573.92738593 13168 89438.37 327.46287975
1517356800000 0.003588 0.0041 0.003516 0.004009 261641.75 1517443199999 993.71197775 28102 143908.65 546.12285436
1517443200000 0.004009 0.004025 0.00374 0.003824 224016.85 1517529599999 864.65215331 28594 116782.68 451.07971224
1517529600000 0.003826 0.003833 0.002953 0.003464 408726.34 1517615999999 1381.26214621 39690 183636.66 621.75768562
1517616000000 0.003472 0.003479 0.003227 0.003341 188681.36 1517702399999 631.54447125 22174 81907.16 274.18927135
1517702400000 0.003355 0.00338 0.003104 0.003172 129562.93 1517788799999 418.20418555 14101 59748.85 193.16410098
1517788800000 0.003183 0.003228 0.002781 0.002906 187585.71 1517875199999 564.0938443 18718 84255.26 253.97172219
1517875200000 0.002915 0.003123 0.002698 0.003038 317743.87 1517961599999 907.72027194 30632 161046.18 460.2638061
1517961600000 0.003037 0.003073 0.002815 0.002828 191803.69 1518047999999 559.11393993 22427 84446.39 246.1929444
1518048000000 0.002822 0.00288 0.002816 0.002859 2701.99 1518134399999 7.71814675 707 1419.63 4.05867772
1518134400000 0.002857 0.003545 0.002857 0.003451 196259.7 1518220799999 670.79418605 24188 114838.53 392.13748681
1518220800000 0.003448 0.003698 0.003218 0.003357 205914.28 1518307199999 706.30596251 30578 101919.61 349.94116863
1518307200000 0.003355 0.003443 0.003169 0.003263 140755.25 1518393599999 461.50680181 21484 67040.54 219.88405055
1518393600000 0.003262 0.003401 0.003242 0.003265 101819.29 1518479999999 337.27093677 13660 48572.5 160.86127517
1518480000000 0.003266 0.003431 0.003224 0.003373 121536.53 1518566399999 403.32812319 14423 66970.93 222.42339318
1518566400000 0.003373 0.003574 0.003311 0.00338 268323.29 1518652799999 915.90759135 26020 171287.68 582.97627505
1518652800000 0.003375 0.003471 0.003125 0.003153 125329.95 1518739199999 409.02697746 16661 62055.89 202.25522893
1518739200000 0.00314 0.0032 0.003076 0.00313 123957.46 1518825599999 389.03914953 12771 80880.08 253.65578205
1518825600000 0.003135 0.003212 0.002933 0.00295 130153.41 1518911999999 395.8209449 12463 48286.42 146.54566405
1518912000000 0.002941 0.002965 0.002818 0.002847 87868.03 1518998399999 252.24352195 11148 45288.01 130.0321602
1518998400000 0.002854 0.002964 0.002785 0.002804 115877.41 1519084799999 333.39746335 11687 59866.99 172.34487568
1519084800000 0.002807 0.002814 0.0025 0.002563 134829.59 1519171199999 361.54991889 13874 72275.35 194.17296707
1519171200000 0.002561 0.002631 0.002472 0.002526 183246.26 1519257599999 465.95112125 13727 125617.02 319.22454625
1519257600000 0.002524 0.00256 0.002439 0.00254 94709.81 1519343999999 238.0500804 10692 48092.32 121.02407961
1519344000000 0.002539 0.002622 0.002472 0.002614 83020.15 1519430399999 212.06581935 9848 48162.56 123.15466563
1519430400000 0.002607 0.002645 0.002526 0.002582 77292.25 1519516799999 199.0380033 11108 36649.99 94.39670404
1519516800000 0.002588 0.00263 0.002561 0.00262 41861.69 1519603199999 108.66630381 5795 21956.0 57.0153419
1519603200000 0.002628 0.00285 0.002561 0.002673 221384.38 1519689599999 602.9695531 19632 102815.68 279.88221701
1519689600000 0.002673 0.002765 0.00255 0.002559 113996.66 1519775999999 301.04018814 11876 59808.87 157.62268873
1519776000000 0.002559 0.002576 0.002435 0.002473 97674.58 1519862399999 244.77486486 9698 58347.94 146.56001093
1519862400000 0.002464 0.002502 0.00239 0.002413 89545.73 1519948799999 218.88651313 8868 49101.98 120.06509082
1519948800000 0.002417 0.002422 0.00231 0.002321 62437.12 1520035199999 146.3028294 7891 31461.42 73.77394184
1520035200000 0.00232 0.00233 0.002217 0.002225 56225.09 1520121599999 127.47293093 6843 28083.12 63.66105247
1520121600000 0.002226 0.00233 0.002208 0.002293 61539.92 1520207999999 139.2194846 6645 32732.6 74.07820681
1520208000000 0.002287 0.002397 0.002249 0.002277 120044.67 1520294399999 278.07475901 11522 52635.4 121.91392498
1520294400000 0.002271 0.00236 0.002261 0.002295 72117.15 1520380799999 165.53841637 7438 40016.78 91.82505226
1520380800000 0.002293 0.002315 0.00208 0.002178 149254.94 1520467199999 326.17945702 12417 71840.81 157.24518628
1520467200000 0.002176 0.002202 0.002064 0.002106 150140.88 1520553599999 321.04045365 10033 73479.56 157.36894828
1520553600000 0.0021 0.002137 0.002002 0.002067 281869.87 1520639999999 576.20381705 19446 130908.21 268.26568181
1520640000000 0.002066 0.002118 0.002022 0.002034 118018.77 1520726399999 243.65408544 7104 67949.22 140.66302553
1520726400000 0.002033 0.002088 0.002002 0.002011 60769.22 1520812799999 124.04396826 5265 29256.17 59.86839422
1520812800000 0.002011 0.00203 0.001925 0.001988 137866.49 1520899199999 271.0810129 7838 96204.31 189.01891485
1520899200000 0.001987 0.002004 0.001942 0.00197 69356.3 1520985599999 136.55324564 6299 40835.34 80.47045987
1520985600000 0.00197 0.002156 0.00191 0.001924 90985.21 1521071999999 179.40483813 6939 45178.11 89.35996694
1521072000000 0.001924 0.002 0.001812 0.001874 617064.1 1521158399999 1153.36245777 24119 294732.46 551.19303171
1521158400000 0.001873 0.001902 0.001773 0.001786 579557.94 1521244799999 1059.41944682 20468 281663.24 515.56811231
1521244800000 0.001782 0.001814 0.001692 0.001711 599663.94 1521331199999 1061.80359357 22857 250300.67 441.6978185
1521331200000 0.001702 0.001709 0.001492 0.001622 764746.96 1521417599999 1214.9514468 31833 347946.29 553.28398571
1521417600000 0.001622 0.002421 0.001603 0.002309 2789085.68 1521503999999 5497.97819238 121702 1363444.46 2699.22177453
1521504000000 0.002309 0.002567 0.002166 0.002291 4264057.07 1521590399999 10121.37433911 186509 2126729.52 5056.49616755
1521590400000 0.00229 0.002335 0.002104 0.002205 2134517.6 1521676799999 4757.89337167 84399 1055024.5 2353.01166607
1521676800000 0.002204 0.002272 0.002081 0.002213 1820949.31 1521763199999 3934.97359961 70263 859342.5 1857.17500126
1521763200000 0.002215 0.002219 0.002065 0.002073 1902077.54 1521849599999 4054.93544938 58970 912323.4 1944.9961117
1521849600000 0.002074 0.002189 0.002031 0.002078 1926254.59 1521935999999 4002.82337892 69302 941419.51 1955.88808057
1521936000000 0.002079 0.002151 0.002065 0.00212 2354672.36 1522022399999 4953.7630012 62847 1217337.03 2560.95515114
1522022400000 0.00212 0.002145 0.001911 0.001967 4431684.16 1522108799999 8961.06214009 98755 2166959.91 4382.76596793
1522108800000 0.001967 0.0021 0.001862 0.001944 825496.65 1522195199999 1607.69459071 41833 410001.47 799.1287121
1522195200000 0.001942 0.002007 0.001929 0.001951 603779.52 1522281599999 1182.78558847 34108 293316.59 574.74467537
1522281600000 0.001954 0.002013 0.001907 0.001985 602481.44 1522367999999 1176.00517294 31209 285876.3 558.30632441
1522368000000 0.001986 0.002091 0.001966 0.002073 625527.63 1522454399999 1270.63436045 35959 320331.13 650.52834809
1522454400000 0.00207 0.002089 0.002007 0.002025 513166.04 1522540799999 1045.77114657 25729 217849.7 444.16376547
1522540800000 0.002022 0.002038 0.001944 0.001961 516284.43 1522627199999 1027.90828942 26237 211176.63 419.76337355
1522627200000 0.001961 0.0021 0.001937 0.002006 631724.32 1522713599999 1275.86663607 32279 307465.79 620.44010215
1522713600000 0.002006 0.002078 0.001971 0.002023 563390.14 1522799999999 1127.05498729 28641 278452.69 557.23833461
1522800000000 0.002023 0.002027 0.00194 0.001991 542003.9 1522886399999 1071.09879106 26757 220607.75 436.13514093
1522886400000 0.00199 0.001993 0.001913 0.001974 617612.45 1522972799999 1204.23802226 33057 293259.56 571.89228738
1522972800000 0.001971 0.001988 0.001905 0.001932 485784.88 1523059199999 941.71805677 25694 230741.0 447.35082891
1523059200000 0.001929 0.002008 0.001885 0.001893 479218.28 1523145599999 917.17479792 26508 216506.8 414.68564842
1523145600000 0.001894 0.001927 0.001876 0.001909 438193.18 1523231999999 832.75568992 20345 170775.86 324.52336364
1523232000000 0.001908 0.002048 0.001904 0.001981 646698.66 1523318399999 1269.72893719 31745 293212.96 575.91223453
1523318400000 0.00198 0.001983 0.001932 0.001963 535792.55 1523404799999 1048.8014066 20601 225974.2 442.50471146
1523404800000 0.001963 0.00208 0.00194 0.002068 688349.73 1523491199999 1375.88756771 35294 324567.99 649.20402152
1523491200000 0.002069 0.00214 0.001899 0.002081 969332.81 1523577599999 1964.05187422 57868 485867.23 985.2102859
1523577600000 0.002081 0.002207 0.001981 0.001984 1016167.76 1523663999999 2115.74415722 54821 500005.63 1040.63208894
1523664000000 0.001982 0.002021 0.001942 0.001981 548596.31 1523750399999 1088.1788687 27578 245140.21 486.46323852
1523750400000 0.001982 0.002049 0.001976 0.002011 521287.69 1523836799999 1046.51242837 27467 212406.03 426.44990851
1523836800000 0.002011 0.002071 0.0019 0.002069 553895.81 1523923199999 1101.81721495 29984 233333.92 464.59006744
1523923200000 0.002068 0.002095 0.002022 0.002057 559503.71 1524009599999 1152.6544827 30933 257643.96 531.01162855
1524009600000 0.002057 0.002165 0.002049 0.002149 581462.58 1524095999999 1223.16337674 32685 268173.24 564.24007605
1524096000000 0.00215 0.002255 0.00213 0.002243 848669.29 1524182399999 1859.47708923 49824 409067.35 896.00452547
1524182400000 0.002243 0.00237 0.002187 0.002285 810182.97 1524268799999 1838.46449088 54351 395400.28 897.77850089
1524268800000 0.002285 0.002338 0.002052 0.002164 525893.28 1524355199999 1155.77711457 35890 246413.43 542.12674918
1524355200000 0.002168 0.002228 0.002094 0.002174 277546.6 1524441599999 604.68465964 24151 131005.5 285.53750204
1524441600000 0.002176 0.002346 0.002174 0.002289 431263.89 1524527999999 986.05949211 32851 207565.0 474.4914193
1524528000000 0.002288 0.00253 0.002278 0.002351 708386.29 1524614399999 1675.12393077 54781 323960.65 768.28056233
1524614400000 0.00235 0.00235 0.002035 0.002156 574194.55 1524700799999 1247.0495463 43935 277834.49 602.87617814
1524700800000 0.002155 0.002291 0.002111 0.002268 431159.39 1524787199999 947.06126884 36150 213003.78 467.84496869
1524787200000 0.002268 0.002287 0.002177 0.0022 331271.24 1524873599999 735.86204571 28730 159504.45 354.41741725
1524873600000 0.002204 0.002358 0.002184 0.002312 433593.36 1524959999999 983.37421543 33349 219437.08 497.22993455
1524960000000 0.002312 0.002522 0.002205 0.002442 788471.44 1525046399999 1869.76152829 63431 393373.77 936.08140696
1525046400000 0.002442 0.002731 0.00235 0.002427 827542.0 1525132799999 2109.30331886 77629 423293.88 1081.10225885
1525132800000 0.002427 0.002454 0.002285 0.002426 426857.49 1525219199999 1013.06629121 36769 182316.75 433.18994454
1525219200000 0.002428 0.00245 0.002365 0.002411 277044.19 1525305599999 664.67329938 26736 138411.83 332.24793587
1525305600000 0.002411 0.002459 0.002327 0.002336 455209.33 1525391999999 1089.12976757 40313 243413.0 582.57663801
1525392000000 0.002333 0.002465 0.00224 0.002274 278073.42 1525478399999 650.07366636 30379 136337.77 319.0582956
1525478400000 0.002277 0.002309 0.002241 0.002271 240376.85 1525564799999 548.41577322 16679 118425.08 270.49810519
1525564800000 0.002272 0.002421 0.002246 0.002372 549213.61 1525651199999 1270.98352822 48104 266722.08 619.13918902
1525651200000 0.002373 0.002377 0.002232 0.002278 234650.87 1525737599999 534.73307446 25086 115163.45 262.74843543
1525737600000 0.002279 0.002302 0.002224 0.00225 184908.42 1525823999999 418.38315415 18614 91036.43 205.98353531
1525824000000 0.002246 0.00225 0.002112 0.002139 233379.79 1525910399999 502.21992672 29599 107392.24 231.28186071
1525910400000 0.00214 0.002147 0.001993 0.002025 236174.79 1525996799999 497.91090632 25157 98009.78 207.06063505
1525996800000 0.002025 0.002048 0.00199 0.002035 74055.32 1526083199999 149.54127735 5314 50000.03 100.88586602
