1517443200000 0.0055 0.110022 1.5e-05 0.004764 1012121.61559892 1517529599999 4827.94555959 13380 463626.49408697 2659.51067899
1517529600000 0.004694 0.00529 0.004102 0.004788 330910.53 1517615999999 1496.13946968 7280 128589.89 586.81210079
1517616000000 0.004792 0.0049 0.0042 0.00486 142766.8 1517702399999 666.13904264 4509 53630.3 251.87288636
1517702400000 0.00485 0.004894 0.004502 0.004695 104610.43 1517788799999 487.47339565 2916 59177.58 274.86948625
1517788800000 0.004699 0.004795 0.00425 0.004534 97134.94 1517875199999 436.48624192 2266 34519.07 155.84549732
1517875200000 0.004522 0.004977 0.0044 0.004928 154074.26 1517961599999 711.05836911 4160 72775.41 338.03088867
1517961600000 0.004802 0.004982 0.004505 0.004693 112174.25 1518047999999 529.89472775 2585 54237.34 255.71609996
1518048000000 0.004693 0.004693 0.004578 0.004623 240.06 1518134399999 1.11678598 14 105.92 0.49599138
1518134400000 0.004623 0.0049 0.00457 0.004721 41103.66 1518220799999 196.28151088 1176 12368.61 59.30812923
1518220800000 0.004778 0.005298 0.00457 0.005 132180.89 1518307199999 647.15364359 3649 55760.04 274.95239041
1518307200000 0.004995 0.004995 0.00451 0.004673 66154.11 1518393599999 310.59206678 1921 16980.91 80.18610715
1518393600000 0.004701 0.004888 0.004514 0.004742 59188.18 1518479999999 275.04638531 1602 20730.19 96.92824918
1518480000000 0.004742 0.0049 0.004612 0.004716 37173.74 1518566399999 176.3695516 1513 18010.19 85.83161212
1518566400000 0.004722 0.0048 0.004601 0.004734 55604.48 1518652799999 261.77564686 1706 24200.76 114.20652983
1518652800000 0.004734 0.004878 0.004522 0.004669 67459.08 1518739199999 314.59247641 2244 28869.35 135.22891819
1518739200000 0.004669 0.004741 0.004496 0.004686 58934.96 1518825599999 270.97826668 1769 24551.06 113.44473802
1518825600000 0.004702 0.00479 0.004535 0.004683 88844.84 1518911999999 410.82569856 2450 35795.87 166.62008915
1518912000000 0.004682 0.004698 0.004302 0.004507 137292.06 1518998399999 617.61467113 3197 32424.17 145.7337705
1518998400000 0.004475 0.0047 0.00434 0.004615 78035.56 1519084799999 351.40911041 2349 36143.67 163.10025365
1519084800000 0.00459 0.004623 0.004241 0.004338 56707.33 1519171199999 249.53546443 1594 19683.82 86.46008454
1519171200000 0.004338 0.004606 0.0041 0.00423 68849.64 1519257599999 291.63612581 2094 33348.35 142.23674868
1519257600000 0.004229 0.004268 0.003912 0.00406 50571.96 1519343999999 207.44130128 1497 14609.47 60.15820834
1519344000000 0.004097 0.0046 0.0039 0.004074 122030.99 1519430399999 503.17533711 2587 50248.53 208.69150994
1519430400000 0.004078 0.004288 0.00387 0.003952 68577.98 1519516799999 274.95368281 1687 28265.65 114.323769
1519516800000 0.003964 0.004298 0.00389 0.003998 67851.73 1519603199999 272.47989156 1648 21564.66 87.19122178
1519603200000 0.00396 0.004155 0.003815 0.004031 32751.51 1519689599999 128.98151213 914 16367.59 64.925704
1519689600000 0.004029 0.004097 0.0038 0.003945 47045.14 1519775999999 184.44771001 1402 18892.52 74.32441894
1519776000000 0.003939 0.003967 0.0037 0.003724 77587.72 1519862399999 299.20497156 1543 16893.68 64.58482349
1519862400000 0.003749 0.004051 0.003625 0.003906 73868.49 1519948799999 280.87404386 1691 30495.04 117.16903386
1519948800000 0.00391 0.004 0.00365 0.003934 61412.94 1520035199999 233.42543398 1662 23202.08 88.72768844
1520035200000 0.003906 0.00432 0.003825 0.004275 111278.53 1520121599999 447.52649963 2258 53919.93 218.20075103
1520121600000 0.004275 0.00432 0.00397 0.004111 68900.55 1520207999999 281.03918483 1728 21399.72 87.82125839
1520208000000 0.0041 0.004189 0.00388 0.004035 60247.92 1520294399999 243.09874582 1793 23552.62 95.41301558
1520294400000 0.004035 0.004099 0.003811 0.003933 42012.94 1520380799999 165.25075076 1344 17867.33 70.21756521
1520380800000 0.003933 0.004039 0.003296 0.00364 148765.61 1520467199999 566.68302373 3050 44778.66 172.51413388
1520467200000 0.003677 0.003918 0.003627 0.003715 133104.4 1520553599999 500.8453479 2437 59977.91 223.92293598
1520553600000 0.003715 0.003739 0.003301 0.003536 71140.09 1520639999999 247.90780282 2231 35409.35 124.03879302
1520640000000 0.003536 0.003629 0.003346 0.003447 46219.28 1520726399999 160.45969514 1566 19501.97 67.70595261
1520726400000 0.003447 0.003617 0.00331 0.0035 54533.66 1520812799999 188.0716267 1450 23635.26 81.74548805
1520812800000 0.003498 0.003643 0.003375 0.003419 61264.17 1520899199999 213.08913079 1436 30537.1 106.54138548
1520899200000 0.003419 0.003649 0.003277 0.00352 89631.02 1520985599999 309.68560327 2107 40745.47 141.25620303
1520985600000 0.003517 0.004025 0.00351 0.003581 140671.1 1521071999999 524.31622014 3752 64934.35 242.40502381
1521072000000 0.003557 0.003599 0.003312 0.003478 90148.5 1521158399999 308.52561154 2223 33641.37 115.52321301
1521158400000 0.003477 0.003509 0.003313 0.003442 65327.04 1521244799999 222.59653976 1404 22951.95 78.29447965
1521244800000 0.00344 0.003471 0.00316 0.003273 58028.82 1521331199999 190.28420515 1274 17958.33 58.74721222
1521331200000 0.003258 0.003405 0.003057 0.003373 117629.57 1521417599999 381.42922225 2416 48789.24 159.57132692
1521417600000 0.003373 0.003749 0.0004 0.003639 117374.61 1521503999999 392.8498887 2342 41667.98 147.71588353
1521504000000 0.003638 0.004223 0.00351 0.003939 132722.23 1521590399999 518.17124305 3294 61990.31 242.60873374
1521590400000 0.003915 0.00428 0.003726 0.003989 89346.68 1521676799999 348.68147528 2265 40259.89 157.64927894
1521676800000 0.003986 0.004185 0.003741 0.003951 64672.03 1521763199999 253.13701725 1619 30963.31 121.46780207
1521763200000 0.003939 0.003962 0.003575 0.00363 102471.88 1521849599999 381.76733673 2527 36482.12 136.15662952
1521849600000 0.003638 0.00391 0.00362 0.003849 108821.09 1521935999999 410.8598496 2764 52909.56 200.46045907
1521936000000 0.003841 0.004 0.00372 0.003891 63497.12 1522022399999 245.7776918 1445 33131.92 128.60769581
1522022400000 0.003872 0.004154 0.003651 0.00385 107041.48 1522108799999 412.69701338 2290 36823.05 142.90193439
1522108800000 0.003837 0.003983 0.00371 0.003814 88670.13 1522195199999 336.8520586 2106 31827.5 121.55290209
1522195200000 0.003826 0.00447 0.003785 0.004246 107940.57 1522281599999 438.29566399 2614 54001.81 220.73400085
1522281600000 0.00425 0.004389 0.004065 0.004248 103998.1 1522367999999 441.24494215 2658 44773.15 189.94198865
1522368000000 0.004278 0.004314 0.003851 0.003864 75849.57 1522454399999 304.47035177 2113 20741.83 83.4007353
1522454400000 0.003862 0.003977 0.003774 0.00379 45670.77 1522540799999 175.08184289 1174 14501.57 55.922997
1522540800000 0.003813 0.00389 0.0037 0.003782 46505.25 1522627199999 175.74217833 1093 11586.2 43.97719752
1522627200000 0.003761 0.00437 0.003657 0.004321 118547.14 1522713599999 476.85880187 2895 48339.34 195.18784902
1522713600000 0.004321 0.006465 0.004146 0.004828 789081.02 1522799999999 4118.17312088 18978 349312.06 1830.8015537
1522800000000 0.004846 0.005266 0.004658 0.004938 218967.14 1522886399999 1075.68410255 26124 102172.63 504.06679968
1522886400000 0.004938 0.0052 0.004386 0.004522 128512.61 1522972799999 587.21318112 15588 46859.48 216.8479563
1522972800000 0.004528 0.005092 0.004441 0.004833 200702.71 1523059199999 944.06931209 15676 86902.97 412.91275558
1523059200000 0.00478 0.005244 0.004487 0.004827 146838.84 1523145599999 708.67165084 3333 72680.48 353.70507479
1523145600000 0.004847 0.005535 0.004026 0.004715 97295.73 1523231999999 462.72301873 2011 44202.81 217.49139602
1523232000000 0.004733 0.005637 0.00445 0.004543 125568.56 1523318399999 615.24274859 2797 52466.38 255.76566775
1523318400000 0.004543 0.00464 0.004404 0.004445 51217.84 1523404799999 229.64871262 1422 21518.44 96.63553348
1523404800000 0.004461 0.004781 0.004368 0.004658 75699.97 1523491199999 343.71842386 1856 32214.17 146.89272835
1523491200000 0.004659 0.0062 0.004463 0.00556 819686.99 1523577599999 4523.04237934 18154 369828.56 2035.22351605
1523577600000 0.005598 0.0075 0.005303 0.005443 865750.75 1523663999999 5360.16654653 33733 398168.75 2462.66632034
1523664000000 0.005443 0.005624 0.005134 0.0053 138002.34 1523750399999 741.42303978 15449 58188.75 312.81845196
1523750400000 0.005297 0.005525 0.005099 0.00521 115936.78 1523836799999 611.59520236 2655 42178.93 222.91136722
1523836800000 0.005236 0.005385 0.005062 0.005235 56299.81 1523923199999 290.29913926 1781 24354.12 125.7894028
1523923200000 0.005183 0.0056 0.005108 0.005509 123880.46 1524009599999 659.42596698 3297 58115.45 309.7789515
1524009600000 0.005471 0.006004 0.005386 0.005788 328075.33 1524095999999 1897.67304289 4929 81762.0 465.40907443
1524096000000 0.005808 0.00628 0.00539 0.005436 170207.74 1524182399999 963.53849524 5758 71909.87 409.54277391
1524182400000 0.005459 0.005634 0.004969 0.005282 311204.16 1524268799999 1621.10611329 5482 171829.88 888.51906908
1524268800000 0.005282 0.005343 0.004901 0.005091 91669.94 1524355199999 466.0544729 2238 33986.74 172.93217663
1524355200000 0.005089 0.005194 0.004788 0.004871 70400.39 1524441599999 346.29479893 1898 24783.29 121.93099772
1524441600000 0.004877 0.0052 0.004791 0.005032 171924.99 1524527999999 860.96541562 3257 58764.49 294.56102702
1524528000000 0.005044 0.005176 0.004703 0.004995 344647.61 1524614399999 1693.27487131 5201 67189.92 331.70886481
1524614400000 0.004978 0.007079 0.0046 0.006718 1385947.35 1524700799999 7979.91365856 26855 677276.55 3922.06592661
1524700800000 0.006718 0.006897 0.005589 0.006178 656482.32 1524787199999 4054.75782971 23307 318867.15 1966.4837024
1524787200000 0.006176 0.007 0.005602 0.0066 431171.77 1524873599999 2730.04186152 14800 195671.29 1252.38951876
1524873600000 0.006577 0.00689 0.0061 0.006379 364854.08 1524959999999 2337.98811753 16585 165220.74 1056.66497997
1524960000000 0.006379 0.006499 0.00587 0.006125 205362.55 1525046399999 1259.01776916 10053 95464.3 585.54572996
1525046400000 0.00614 0.006161 0.0056 0.005812 137665.24 1525132799999 806.31967675 6368 60080.69 352.94148868
1525132800000 0.005808 0.005869 0.0056 0.005798 96597.35 1525219199999 550.02826613 5301 46685.46 266.07102965
1525219200000 0.005833 0.005914 0.00569 0.005913 101313.2 1525305599999 589.97582781 3945 40848.6 238.57389021
1525305600000 0.005898 0.005919 0.005069 0.005189 138324.38 1525391999999 756.59207085 5864 62833.78 343.81408624
1525392000000 0.005165 0.005254 0.004754 0.004961 77473.35 1525478399999 385.41942043 2927 37330.56 184.77614773
1525478400000 0.004999 0.005035 0.00432 0.004649 137220.6 1525564799999 638.20327515 3343 53864.64 252.39441801
1525564800000 0.004618 0.004752 0.004425 0.004678 43298.05 1525651199999 198.87058608 1741 21424.99 98.7624862
1525651200000 0.004678 0.004962 0.0046 0.004693 64789.14 1525737599999 305.93134833 2064 28663.97 135.39620702
1525737600000 0.004695 0.0049 0.004498 0.004766 133610.45 1525823999999 624.71930805 4658 57717.27 269.4484329
1525824000000 0.004766 0.004767 0.00452 0.004639 83804.53 1525910399999 390.12590033 3125 34906.09 162.64598542
1525910400000 0.004637 0.00464 0.004387 0.00442 67623.39 1525996799999 301.86299823 2573 27446.04 122.81119919
1525996800000 0.00442 0.004426 0.004141 0.004212 34365.2 1526083199999 146.73272599 1129 11139.63 47.28343835
