1517443200000 0.001 0.001 0.000482 0.0005336 3349344.01481778 1517529599999 1778.21959675 31494 1884103.47514415 1007.98031662
1517529600000 0.0005328 0.00053869 0.0004195 0.0004951 898357.97588111 1517615999999 430.6548488 15345 389637.95735492 187.67665514
1517616000000 0.0004976 0.000515 0.0004444 0.0005109 380990.64 1517702399999 187.5357952 9412 175001.4 86.37772066
1517702400000 0.000514 0.0005146 0.0004569 0.000474 280058.67 1517788799999 135.07127262 4643 123675.14 59.83980252
1517788800000 0.000474 0.0004899 0.00043 0.0004522 273272.23 1517875199999 124.21844002 4739 101942.82 46.41957794
1517875200000 0.000454 0.000505 0.0004246 0.0004908 559051.24750123 1517961599999 258.40165722 9684 212256.07 97.79485597
1517961600000 0.0004907 0.0005052 0.00045 0.0004649 262587.61 1518047999999 125.75145358 5740 113814.64 54.51881691
1518048000000 0.0004646 0.0004698 0.0004558 0.0004625 3048.8 1518134399999 1.41706638 91 1868.22 0.8703556
1518134400000 0.0004606 0.0004913 0.0004597 0.000483 138354.35 1518220799999 66.52364384 2637 67792.84 32.71295063
1518220800000 0.0004815 0.0005345 0.0004622 0.000489 384489.11 1518307199999 189.22131412 8665 165506.4968652 81.61696776
1518307200000 0.0004904 0.0004946 0.0004403 0.0004692 193910.89 1518393599999 90.77147499 4869 93752.13 43.77382722
1518393600000 0.0004693 0.0004829 0.000444 0.0004623 145711.75 1518479999999 67.17383483 3503 56693.44 26.23140405
1518480000000 0.0004623 0.0004764 0.0004562 0.0004651 157652.61 1518566399999 73.00747221 3491 85627.73 39.72544179
1518566400000 0.0004651 0.0004693 0.0004508 0.0004622 179071.51 1518652799999 82.34964935 3870 80213.21 36.96832334
1518652800000 0.0004623 0.00047 0.0004149 0.0004332 197162.85 1518739199999 87.02121159 5719 76772.23 33.94352993
1518739200000 0.0004298 0.0004398 0.0004187 0.0004356 214520.28 1518825599999 91.69096025 3791 111208.8 47.55945969
1518825600000 0.0004356 0.0004356 0.0004038 0.0004116 234506.48 1518911999999 97.96110125 5001 91524.73 38.41472342
1518912000000 0.0004116 0.000415 0.00035 0.0003915 277793.68 1518998399999 109.59764447 5801 105897.16 41.99774101
1518998400000 0.0003917 0.0004089 0.0003703 0.00039 242357.61 1519084799999 94.44431901 5165 96178.61 37.55508945
1519084800000 0.0003899 0.0003967 0.0003347 0.0003436 225417.31 1519171199999 81.02326911 3955 80937.01 28.93384451
1519171200000 0.0003442 0.000351 0.0003248 0.0003386 135106.92 1519257599999 45.64929614 3301 57744.92 19.53305571
1519257600000 0.0003386 0.000342 0.0003168 0.0003314 180538.09 1519343999999 59.57195788 3108 71853.25 23.75395692
1519344000000 0.0003314 0.000391 0.0003254 0.0003446 661002.57 1519430399999 232.00955664 9033 268460.43 94.43467055
1519430400000 0.0003441 0.0003499 0.0003281 0.0003385 190734.16 1519516799999 64.39079272 3940 81002.87 27.36153383
1519516800000 0.0003385 0.000375 0.000334 0.00035 318255.34 1519603199999 111.28333663 5231 154564.1 54.17425937
1519603200000 0.00035 0.0003516 0.00033 0.0003384 172658.15 1519689599999 58.88383591 2902 57427.77 19.56888423
1519689600000 0.0003365 0.000345 0.0003111 0.0003244 206077.14 1519775999999 67.24308906 3536 78506.57 25.6433354
1519776000000 0.0003244 0.0003258 0.000305 0.0003074 171307.56 1519862399999 53.91634429 3164 58301.45 18.32601534
1519862400000 0.0003077 0.0003346 0.0002972 0.0003129 197407.64 1519948799999 61.02632001 3746 92975.02 28.87453827
1519948800000 0.0003146 0.0003148 0.0002875 0.0003015 293395.69 1520035199999 87.58084673 5153 121103.19 36.07309314
1520035200000 0.0003015 0.000324 0.000285 0.00032 460046.1 1520121599999 140.82115549 6759 180400.53 55.43674202
1520121600000 0.0003205 0.0003205 0.0002981 0.0003079 387096.0 1520207999999 120.05431514 5795 160162.63 49.66933462
1520208000000 0.0003087 0.000315 0.000294 0.0002992 272516.43 1520294399999 82.64512816 4400 130340.68 39.56324151
1520294400000 0.000298 0.000312 0.00029 0.0002952 234311.52 1520380799999 69.5065661 3577 102901.88 30.57687137
1520380800000 0.0002952 0.000305 0.0002596 0.0002786 384987.87 1520467199999 110.02652493 6412 162648.75 46.39829577
1520467200000 0.0002786 0.0003 0.000276 0.0002797 307804.78 1520553599999 88.19047754 4436 129117.58 37.07157313
1520553600000 0.0002786 0.0002802 0.000252 0.0002774 256939.41 1520639999999 68.57481185 4232 108876.88 29.07433335
1520640000000 0.0002774 0.0002822 0.000263 0.0002679 188475.87 1520726399999 51.30235925 3559 86076.48 23.39850509
1520726400000 0.0002679 0.00028 0.00025 0.0002651 281654.48 1520812799999 74.9145768 4140 116279.92 31.18281622
1520812800000 0.0002641 0.0002747 0.000256 0.0002608 223465.46 1520899199999 58.60619722 3398 114117.58 29.93913942
1520899200000 0.0002608 0.000277 0.000251 0.0002655 399809.97 1520985599999 104.51189109 5954 198552.77 52.02451387
1520985600000 0.0002659 0.0003177 0.0002577 0.0002651 1033173.45 1521071999999 293.43165355 15814 487115.71 138.79648609
1521072000000 0.0002662 0.0002694 0.0002469 0.0002558 363797.02 1521158399999 92.54025563 6136 134080.64 34.22728029
1521158400000 0.0002558 0.0002615 0.0002439 0.0002491 212447.51 1521244799999 52.93389803 3190 97031.54 24.17486475
1521244800000 0.0002489 0.0002498 0.0002234 0.000228 160449.44 1521331199999 38.01753462 2390 67738.38 16.04128528
1521331200000 0.0002281 0.0002305 0.000201 0.0002216 318984.47 1521417599999 68.71172669 4328 123005.83 26.47040213
1521417600000 0.0002217 0.0002449 0.0002188 0.0002362 401231.93 1521503999999 91.73807934 4944 183077.02 41.83732122
1521504000000 0.0002362 0.0002671 0.00023 0.0002454 479003.63 1521590399999 118.94580012 7031 219215.73 54.51902324
1521590400000 0.0002455 0.0002727 0.0002403 0.00025 352281.63 1521676799999 87.68259369 5302 161955.62 40.40132244
1521676800000 0.00025 0.0002589 0.00023 0.0002443 268200.6 1521763199999 65.5725115 3855 117573.06 28.78141756
1521763200000 0.0002443 0.0002455 0.0002155 0.000222 409972.38 1521849599999 93.13851941 5574 149479.45 34.11962923
1521849600000 0.0002219 0.0002397 0.00022 0.0002339 444014.34 1521935999999 101.6322362 6720 206647.28 47.39109344
1521936000000 0.0002337 0.000245 0.0002258 0.0002397 253772.8 1522022399999 60.12610598 4070 126456.11 30.04744471
1522022400000 0.0002397 0.0002499 0.0002245 0.0002297 422988.32 1522108799999 99.6533229 5866 188604.95 44.58124915
1522108800000 0.0002298 0.000235 0.000212 0.0002198 255659.26 1522195199999 56.43307061 3765 102716.72 22.66207895
1522195200000 0.0002199 0.00025 0.0002169 0.0002384 529776.43 1522281599999 124.36510033 8113 261685.79 61.562539
1522281600000 0.0002382 0.0002448 0.0002268 0.0002313 428685.5 1522367999999 100.56461837 5182 171526.97 40.25947204
1522368000000 0.0002319 0.0002327 0.0002018 0.0002217 331022.07 1522454399999 73.55639017 4914 132131.22 29.56933616
1522454400000 0.0002216 0.0002284 0.000211 0.0002171 191478.79 1522540799999 42.01091208 2939 75041.46 16.50575569
1522540800000 0.0002162 0.0002185 0.000205 0.0002091 130812.42 1522627199999 27.6342678 2019 53885.97 11.39602249
1522627200000 0.0002091 0.000237 0.0002035 0.0002348 756304.11 1522713599999 169.99787009 10650 369144.03 83.12431625
1522713600000 0.0002356 0.000348 0.0002265 0.0002706 5433368.42 1522799999999 1559.09724871 70059 2677464.74 770.7040561
1522800000000 0.0002706 0.0002914 0.0002557 0.0002745 1220036.47 1522886399999 333.66924946 19274 605901.64 165.87321945
1522886400000 0.0002758 0.0002791 0.0002455 0.0002547 489233.94 1522972799999 123.88553624 9804 209010.31 52.91322483
1522972800000 0.0002547 0.0002866 0.0002483 0.0002674 818125.14 1523059199999 215.92401269 16194 392471.48 103.85983179
1523059200000 0.0002676 0.000294 0.0002502 0.0002709 1030074.53 1523145599999 278.88990497 13581 432183.79 117.3629876
1523145600000 0.0002699 0.00028 0.0002606 0.00027 479406.84 1523231999999 129.05463064 5955 246530.06 66.59061145
1523232000000 0.00027 0.000326 0.0002618 0.0002685 1176267.55 1523318399999 336.2532226 10585 556901.1 159.52722408
1523318400000 0.0002685 0.0002702 0.0002606 0.00027 403791.48 1523404799999 107.29969427 4691 176727.57 47.07206569
1523404800000 0.00027 0.0002901 0.000267 0.00029 792014.7 1523491199999 219.24391191 10956 390298.55 108.41933074
1523491200000 0.0002893 0.0003844 0.0002782 0.0003483 9159769.23 1523577599999 3092.15069051 96155 4438569.61 1496.0811937
1523577600000 0.0003483 0.0004628 0.0003292 0.0003405 9306583.24 1523663999999 3607.12970927 102774 4551498.49 1768.12198693
1523664000000 0.0003401 0.00035 0.0003204 0.0003327 927173.04 1523750399999 311.49675661 19596 425995.47 142.91844734
1523750400000 0.000332 0.0003428 0.00032 0.0003345 757993.56 1523836799999 252.27159486 10869 349837.97 116.45337418
1523836800000 0.0003346 0.0003409 0.00032 0.0003288 511622.73 1523923199999 167.81638532 7575 238894.14 78.57608616
1523923200000 0.0003296 0.000355 0.0003246 0.0003509 1162941.49 1524009599999 395.60402027 17911 580880.1 198.0013812
1524009600000 0.0003509 0.0003834 0.000344 0.0003741 1618726.7 1524095999999 586.5176712 28919 828699.34 301.14263469
1524096000000 0.0003734 0.0003935 0.0003519 0.0003737 1497406.75 1524182399999 555.45164975 31289 706310.53 262.25498317
1524182400000 0.000374 0.0003877 0.0003451 0.000368 2043789.49 1524268799999 749.69898742 31441 957815.13 350.88278365
1524268800000 0.0003699 0.0003699 0.0003304 0.0003446 717117.11 1524355199999 250.12235075 11823 332951.28 116.27178976
1524355200000 0.0003445 0.0003531 0.000337 0.0003442 581507.26 1524441599999 200.66327747 9742 254698.9 87.98232896
1524441600000 0.0003443 0.0003739 0.0003418 0.0003629 1584515.62 1524527999999 570.56070315 20290 702409.0 253.32530946
1524528000000 0.0003629 0.000374 0.0003553 0.0003639 1683707.74 1524614399999 613.7805482 20884 748963.83 272.90367195
1524614400000 0.0003634 0.0004967 0.0003197 0.0004692 9755789.78 1524700799999 3960.13702389 113702 5089162.24 2063.91320567
1524700800000 0.0004692 0.000485 0.0003976 0.0004412 4774014.96 1524787199999 2083.74702594 91149 2278717.19 993.30536533
1524787200000 0.0004412 0.000505 0.0004069 0.0004752 3164488.5 1524873599999 1451.52215564 62771 1602072.55 738.61448036
1524873600000 0.0004752 0.000501 0.0004502 0.0004671 2329342.54 1524959999999 1089.3752535 54704 1012242.55 473.32272387
1524960000000 0.0004671 0.0004741 0.0004275 0.0004499 1461655.47 1525046399999 655.52676579 35990 621131.97 278.27048542
1525046400000 0.0004499 0.0004515 0.0004047 0.0004195 981980.5 1525132799999 423.42444554 26657 468016.96 201.83442249
1525132800000 0.0004205 0.000432 0.0004022 0.0004305 852662.58 1525219199999 355.59453462 20823 373196.39 155.67890667
1525219200000 0.000431 0.0004427 0.000422 0.0004382 737725.26 1525305599999 319.57557216 18452 346484.75 150.25489837
1525305600000 0.0004382 0.0004393 0.0004025 0.0004142 898534.05 1525391999999 379.75750222 25588 440578.22 186.32798552
1525392000000 0.0004159 0.0004174 0.0003902 0.0004036 472417.15 1525478399999 190.64047136 13511 215047.64 86.68851282
1525478400000 0.0004037 0.000416 0.0003677 0.0003856 1603285.21 1525564799999 610.16176295 29852 744878.29 283.56295398
1525564800000 0.0003841 0.0003897 0.0003692 0.0003849 362859.94 1525651199999 137.0557286 8490 151296.11 57.2143627
1525651200000 0.0003848 0.0003877 0.0003653 0.0003786 447203.01 1525737599999 167.21761251 8309 189890.14 70.86356767
1525737600000 0.0003786 0.0003957 0.0003672 0.0003884 1422219.24 1525823999999 540.70820844 27761 681101.25 258.73970289
1525824000000 0.0003884 0.0003884 0.0003636 0.0003745 698970.2 1525910399999 261.47146063 21792 346877.34 129.83577407
1525910400000 0.0003729 0.000376 0.0003538 0.0003561 563134.39 1525996799999 204.36934367 14578 283721.13 103.0043682
1525996800000 0.0003546 0.0003563 0.0003427 0.0003461 107175.3 1526083199999 37.31377861 4580 46458.95 16.16263871
