1510012800000 0.000555 0.000954 0.000555 0.000853 597506.20269176 1510099199999 497.49689682 460 373078.95198129 314.26524271
1510099200000 0.00085 0.00095 0.0007205 0.00086 838470.0 1510185599999 704.05253465 583 533760.9883802 457.9912979
1510185600000 0.00086 0.00092899 0.00079461 0.00083002 473692.0 1510271999999 407.96157387 397 267991.0 233.63789867
1510272000000 0.00084001 0.00088307 0.00078 0.00079989 275715.0 1510358399999 225.05549461 214 43008.0 35.57783974
1510358400000 0.00080997 0.00086 0.00075001 0.00076346 721648.0 1510444799999 580.15834212 1589 351170.0 283.96375063
1510444800000 0.00076346 0.00077792 0.0006477 0.0006693 2841098.0 1510531199999 2030.47722045 5704 1171097.0 843.69972233
1510531200000 0.00066691 0.0007329 0.0006493 0.0007092 1048951.0 1510617599999 729.52670058 1317 411602.0 286.08749594
1510617600000 0.0007092 0.00075 0.000647 0.00069538 1211523.0 1510703999999 832.6699888 1378 406872.0 282.29081166
1510704000000 0.00069744 0.000826 0.00068104 0.00081987 1518634.0 1510790399999 1155.267937 1935 929882.0 706.82971143
1510790400000 0.00079673 0.001 0.00076002 0.00082274 3945575.0 1510876799999 3518.06874734 3475 2200249.0 1984.70097007
1510876800000 0.00082621 0.000855 0.00075 0.00079999 1310233.0 1510963199999 1035.77942094 1530 523466.0 417.33974858
1510963200000 0.00079999 0.00083717 0.00073 0.0007646 649213.0 1511049599999 499.1009829 698 248454.0 194.48066827
1511049600000 0.00076296 0.00079196 0.00067 0.00070053 988606.0 1511135999999 708.2075466 1216 325327.0 234.53927245
1511136000000 0.00070406 0.00078 0.00068 0.00072694 1499194.0 1511222399999 1085.15340467 2435 658271.0 479.35956249
1511222400000 0.00072694 0.00076509 0.00066 0.00075 1452760.0 1511308799999 1015.7695566 2240 800941.0 563.82196073
1511308800000 0.00074981 0.00075999 0.00066594 0.00068757 1588021.0 1511395199999 1121.48692699 2453 764408.0 542.60912057
1511395200000 0.00068865 0.00069913 0.00056006 0.00057707 1677815.0 1511481599999 1039.18106997 2654 728895.0 448.8803907
1511481600000 0.00057834 0.00060925 0.00051473 0.00053996 1628996.0 1511567999999 913.05914267 3137 789574.0 443.78574533
1511568000000 0.00053996 0.00058377 0.0005 0.00055194 1549086.0 1511654399999 844.45083386 2826 797752.0 433.48206255
1511654400000 0.00055051 0.00057777 0.00051867 0.00051867 2522737.0 1511740799999 1357.10522781 2888 1434433.0 776.73410753
1511740800000 0.00051811 0.00055022 0.00049016 0.00051675 1617751.0 1511827199999 839.93123001 2931 913039.0 473.63404077
1511827200000 0.00051915 0.000649 0.00048858 0.00057505 2255381.0 1511913599999 1235.70717207 3120 1352714.0 740.98514484
1511913600000 0.0005787 0.00062379 0.00052101 0.00054255 2604670.0 1511999999999 1474.68032233 3587 1254712.0 718.76418522
1512000000000 0.00054255 0.0006 0.0005 0.00058843 1879491.0 1512086399999 1034.77501156 2819 1009181.0 561.20751793
1512086400000 0.00058975 0.00074 0.000534 0.00072224 5613751.0 1512172799999 3677.65165624 4935 4297003.0 2869.63921875
1512172800000 0.00072241 0.00081785 0.00066004 0.00080826 3695731.0 1512259199999 2679.91630452 4772 2286565.0 1668.21914599
1512259200000 0.00080826 0.000996 0.0007346 0.00095862 3895780.0 1512345599999 3272.35926057 4629 2257441.0 1928.15497893
1512345600000 0.00095881 0.00108096 0.00087329 0.00108072 3594833.0 1512431999999 3572.12950752 4862 2081679.0 2085.47508851
1512432000000 0.00108072 0.0015655 0.00091543 0.00150992 6301421.0 1512518399999 7824.36808314 8328 3407724.0 4288.71439907
1512518400000 0.00150777 0.00152934 0.001267 0.00137004 3446307.0 1512604799999 4853.9632322 4723 1586077.0 2255.78414641
1512604800000 0.00138014 0.0014899 0.00103638 0.00108 2747915.0 1512691199999 3426.72697523 6075 1083151.0 1389.83064332
1512691200000 0.00109742 0.00146894 0.00107772 0.00126014 2025362.0 1512777599999 2545.16773111 7076 1010770.0 1287.20366247
1512777600000 0.00125686 0.0012959 0.001035 0.00118495 1322185.0 1512863999999 1511.19747314 4661 537953.0 617.12738455
1512864000000 0.00118183 0.00118358 0.0010012 0.00106776 1817055.0 1512950399999 1921.04423945 4362 765165.0 813.62305717
1512950400000 0.00106743 0.00128 0.0010086 0.00112479 2076046.0 1513036799999 2332.14510075 5262 971471.0 1112.27838583
1513036800000 0.00112479 0.00118845 0.00088 0.00089169 2717743.0 1513123199999 2633.57044547 5372 853622.0 845.98433582
1513123200000 0.000892 0.00093969 0.00071001 0.00078468 1773180.0 1513209599999 1440.25680303 3767 611149.0 487.36321209
1513209600000 0.00078516 0.00103699 0.00062947 0.00099333 3444672.0 1513295999999 2882.93008238 6248 1773838.0 1453.40063056
1513296000000 0.00097601 0.001365 0.00086001 0.00127203 5057740.0 1513382399999 6085.29914861 10748 3059240.0 3709.0657152
1513382400000 0.00127192 0.001365 0.00105348 0.00134702 2312184.0 1513468799999 2818.82139272 5473 1067640.0 1318.54138127
1513468800000 0.00134781 0.00185999 0.00122005 0.00175 4326135.0 1513555199999 6444.50130942 8965 2648661.0 3965.03031245
1513555200000 0.00175 0.00369432 0.00155612 0.00213134 10822832.0 1513641599999 22756.37031334 23183 5416127.0 11589.47929015
1513641600000 0.00213134 0.00221998 0.00168 0.00172649 4983226.0 1513727999999 9597.43910949 15449 2242033.0 4345.52094397
1513728000000 0.00172659 0.001978 0.001461 0.00192949 3952613.0 1513814399999 6892.61033752 11587 1741133.0 3059.01742011
1513814400000 0.00190569 0.00201 0.0013 0.001928 3820838.0 1513900799999 7025.41897654 11009 1852316.0 3439.49398836
1513900800000 0.001928 0.00202 0.001725 0.00194056 2542722.0 1513987199999 4789.2776279 7885 1282008.0 2419.33875353
1513987200000 0.00192129 0.00218199 0.00182775 0.00192 2500881.0 1514073599999 4983.93731236 6749 1391245.0 2772.29398495
1514073600000 0.0019235 0.002016 0.00187534 0.0019041 1424434.0 1514159999999 2744.71676214 4819 645279.0 1246.98075353
1514160000000 0.0019041 0.00195 0.00175 0.00188 2102380.0 1514246399999 3869.2243074 5023 1043463.0 1929.03555926
1514246400000 0.00188 0.00204 0.00161001 0.00193009 2192869.0 1514332799999 4092.95515176 8077 1062630.0 2001.4267075
1514332800000 0.00193103 0.0035 0.00184758 0.00269004 5938564.0 1514419199999 15043.01246028 22314 3300140.0 8270.69232222
1514419200000 0.00271006 0.00282 0.0023802 0.002612 3292094.0 1514505599999 8553.67363431 15136 1477975.0 3850.27386466
1514505600000 0.002612 0.00328534 0.00254939 0.00323897 3565922.0 1514591999999 10585.73284222 18286 1686662.0 5015.2784143
1514592000000 0.00324394 0.003389 0.0026545 0.00296179 4972800.0 1514678399999 15173.57995942 31637 1937521.0 5964.34248631
1514678400000 0.00296269 0.00314899 0.00285 0.00308066 2057708.0 1514764799999 6168.92062812 29245 979254.0 2934.8207309
1514764800000 0.0030788 0.00324999 0.0029878 0.00322225 2403724.0 1514851199999 7513.28090204 23658 1175712.0 3687.47889973
1514851200000 0.00321598 0.003235 0.00267 0.00302 4260375.0 1514937599999 12161.68919872 38900 1717920.0 4905.60997452
1514937600000 0.0030267 0.003865 0.00296 0.0038 8336840.0 1515023999999 27780.87118065 57128 3974613.0 13325.33453065
1515024000000 0.00380203 0.00410102 0.00343105 0.00404407 7548687.0 1515110399999 28363.30643446 49342 3257019.0 12416.96289025
1515110400000 0.00400006 0.00416 0.0033 0.00375745 7633068.0 1515196799999 29740.74164839 49692 4030081.0 15846.92218721
1515196800000 0.00379393 0.00487995 0.00365 0.00466946 5761937.0 1515283199999 24751.87758772 40237 3122365.0 13357.7859091
1515283200000 0.00468793 0.004799 0.004 0.00402993 2891050.0 1515369599999 12535.52373763 24006 1389424.0 6018.23228256
1515369600000 0.00402992 0.00425 0.00346312 0.0037497 3325639.0 1515455999999 12368.1453662 24534 1436046.0 5330.70892566
1515456000000 0.00374959 0.00388639 0.00343727 0.003619 3259645.0 1515542399999 11868.31654012 22844 1446428.0 5279.0824495
1515542400000 0.00361901 0.00527012 0.0030429 0.00509989 8149582.0 1515628799999 34889.07670011 62680 4616952.0 19900.38360309
1515628800000 0.00509988 0.0062 0.00421 0.00559002 8010280.0 1515715199999 41747.23993299 73102 4091723.0 21446.94454441
1515715200000 0.00561871 0.00567499 0.00325 0.00492499 3984996.0 1515801599999 19823.91467162 41132 1761277.0 8855.10781407
1515801600000 0.00492499 0.00517 0.00365005 0.0042 5599141.0 1515887999999 23848.75210106 46660 2665175.0 11335.60492641
1515888000000 0.0042 0.00519 0.00414555 0.00441812 6480557.0 1515974399999 30428.25998632 60494 3458126.0 16276.08558315
1515974400000 0.00443449 0.0049 0.00413 0.00478991 3405817.0 1516060799999 15260.16983344 34728 1695089.0 7639.32380567
1516060800000 0.00478752 0.00505 0.00391302 0.00462501 5978663.0 1516147199999 27493.63055053 56446 3052190.0 14078.81174481
1516147200000 0.00466407 0.00488969 0.0044 0.00476004 4316645.0 1516233599999 20304.29146509 36992 2040190.0 9603.79080046
1516233600000 0.00476005 0.00589899 0.00469 0.00532329 5060647.0 1516319999999 26909.33579766 44436 2750422.0 14674.75626548
1516320000000 0.00532329 0.005758 0.00523301 0.0057248 3087695.0 1516406399999 17105.28974357 26573 1584285.0 8771.48510036
1516406400000 0.00572513 0.00715554 0.0057 0.00709599 6906414.0 1516492799999 45222.3820248 71944 4022795.0 26294.26017693
1516492800000 0.00709051 0.00768 0.00650976 0.00764 5246628.0 1516579199999 37520.99386889 67736 2738690.0 19646.81558701
1516579200000 0.00764 0.00888799 0.0074987 0.00827646 8984495.0 1516665599999 74406.48665854 117107 4797678.0 39710.29214338
1516665600000 0.00827654 0.00836 0.007204 0.0078 4705726.0 1516751999999 37322.88393531 67091 2185936.0 17370.46423413
1516752000000 0.0078002 0.0085 0.00688 0.00708865 4556835.0 1516838399999 35752.7709197 65255 2054603.0 16216.29066813
1516838400000 0.00708863 0.0084 0.00651 0.00659799 3229739.0 1516924799999 22576.55035786 45570 1563096.0 11048.55781968
1516924800000 0.00659792 0.00739 0.0058502 0.00693186 4744641.0 1517011199999 31202.62899582 53751 2351090.0 15434.26011736
1517011200000 0.00692291 0.00713567 0.00620001 0.00630998 2347590.0 1517097599999 15610.69792247 29431 971692.0 6442.78287698
1517097600000 0.00630997 0.00652 0.0054221 0.00550996 3004620.0 1517183999999 17544.58222127 37137 1347904.0 7852.0561184
1517184000000 0.00550996 0.00575 0.0053902 0.00546975 2088785.0 1517270399999 11548.75724315 29954 885170.0 4898.55279414
1517270400000 0.00546104 0.00607988 0.00513 0.00556536 3750792.0 1517356799999 20724.04628471 53491 1745030.0 9634.38769321
1517356800000 0.00557299 0.006 0.00475 0.00571999 2933227.0 1517443199999 16568.61162052 44832 1293753.0 7367.85479217
1517443200000 0.00571999 0.00573503 0.00457 0.00510988 3776064.0 1517529599999 19174.32345299 48408 1752242.0 8867.39006183
1517529600000 0.00511495 0.00565 0.00462118 0.00534885 4224227.0 1517615999999 21469.44985114 49494 2066805.0 10526.6815217
1517616000000 0.00536488 0.00599999 0.00516 0.00565029 2289520.0 1517702399999 12908.19622707 34745 1143248.0 6467.18635725
1517702400000 0.00565244 0.0057824 0.0053 0.00542724 2160174.0 1517788799999 11897.32863047 31102 1175002.0 6474.34373965
1517788800000 0.00542724 0.00584194 0.00450186 0.00504862 4358875.0 1517875199999 21769.66013021 51674 2115485.0 10572.35200158
1517875200000 0.00504702 0.00565 0.0045 0.00529028 5064068.0 1517961599999 25391.90969521 58205 2263777.0 11406.84645366
1517961600000 0.0052654 0.00555001 0.00502 0.00512 2975439.0 1518047999999 15673.6194159 38332 1355803.0 7154.17543136
1518048000000 0.00512 0.005272 0.00505 0.00521059 78089.0 1518134399999 402.63067961 715 43649.0 225.90881261
1518134400000 0.00521103 0.005479 0.00505 0.00531 1038822.0 1518220799999 5443.89324323 16477 517338.0 2714.32243319
1518220800000 0.00531 0.00556895 0.00501 0.00515 1841288.0 1518307199999 9714.10459973 27191 833650.0 4401.76744763
1518307200000 0.00515 0.00515 0.00472504 0.0048996 1943772.0 1518393599999 9549.08423993 28421 903512.0 4437.94780186
1518393600000 0.0048996 0.00511882 0.00488249 0.00497996 1360394.0 1518479999999 6804.42826369 22508 658686.0 3297.61267592
1518480000000 0.00497422 0.00505451 0.004758 0.00499 1366111.0 1518566399999 6746.81223568 19885 624870.0 3093.7492731
1518566400000 0.00498601 0.00546 0.00486256 0.00545 1966215.0 1518652799999 10010.85731832 28195 993967.0 5080.95071475
1518652800000 0.00545001 0.0065 0.00528 0.00641994 4251051.0 1518739199999 25047.29388979 70288 2158701.0 12728.17097964
1518739200000 0.00641811 0.00649 0.00593251 0.00605497 2724493.0 1518825599999 16868.63937718 49936 1292065.0 8011.11467138
1518825600000 0.00605497 0.0063 0.006031 0.0061785 1722718.0 1518911999999 10603.54840593 36923 743214.0 4579.04976365
1518912000000 0.00617846 0.0061792 0.0057 0.00585539 1330108.0 1518998399999 7882.08562999 24690 583709.0 3454.50754287
1518998400000 0.00582963 0.00689999 0.00582416 0.00689494 2706139.0 1519084799999 17610.76798588 44407 1465980.0 9544.59029712
1519084800000 0.00688584 0.00757 0.00685771 0.00707551 4160299.0 1519171199999 30204.63276595 74820 2070682.0 15040.46290017
1519171200000 0.00707544 0.00725 0.00672045 0.00708002 2428489.0 1519257599999 16917.23948499 46134 1259023.0 8770.92225766
1519257600000 0.00708002 0.0073 0.00662393 0.0067977 2110060.0 1519343999999 14622.02775278 37552 938966.0 6514.46719681
1519344000000 0.00679771 0.007129 0.00640875 0.00698611 1791563.0 1519430399999 12262.45738131 35180 747577.0 5126.85642396
1519430400000 0.006986 0.00711 0.00660088 0.00667 1647031.0 1519516799999 11283.81956074 30150 801744.0 5502.13816414
1519516800000 0.00667 0.00706 0.0066301 0.00695022 1493267.0 1519603199999 10251.56336298 23674 806156.0 5540.16377379
1519603200000 0.00696566 0.00699671 0.00584749 0.00646094 3686278.0 1519689599999 23954.88304812 59061 1630702.0 10594.93777282
1519689600000 0.00646088 0.00646999 0.00583714 0.00594 2018941.0 1519775999999 12285.29561624 34014 912676.0 5555.9609235
1519776000000 0.0059401 0.00628295 0.00521 0.00535896 2491427.0 1519862399999 14310.95771182 35738 1022317.0 5881.88200776
1519862400000 0.00535895 0.0061 0.005235 0.00567185 2317780.0 1519948799999 13215.1716701 34213 1149662.0 6561.57894027
1519948800000 0.00567363 0.00579853 0.0052656 0.00527007 1944360.0 1520035199999 10587.05314083 27286 759431.0 4148.7124143
1520035200000 0.00527757 0.005493 0.00506 0.00516649 2038562.0 1520121599999 10649.90324863 26759 726431.0 3806.46309573
1520121600000 0.00516649 0.0056949 0.00513071 0.0052698 1677486.0 1520207999999 9029.47669522 23364 864055.0 4660.89765604
1520208000000 0.0052698 0.00558946 0.00525891 0.005511 1325525.0 1520294399999 7199.62467936 17449 661348.0 3596.17177887
1520294400000 0.005511 0.00628 0.00512 0.00589946 3096350.0 1520380799999 17608.63542765 38338 1593822.0 9086.38266436
1520380800000 0.00587436 0.00608697 0.00512 0.00544883 2741567.0 1520467199999 15379.3528258 41069 1126456.0 6354.94976323
1520467200000 0.00547052 0.005555 0.00511 0.00524969 1601601.0 1520553599999 8501.45902112 20127 724584.0 3843.13043853
1520553600000 0.00524967 0.00529867 0.00473002 0.00510245 2143178.0 1520639999999 10734.22921845 29629 856098.0 4283.36972783
1520640000000 0.00510245 0.00526491 0.00504005 0.00508884 896499.0 1520726399999 4608.63503571 13510 359628.0 1853.11203717
1520726400000 0.00506769 0.00539899 0.00495 0.00535515 917281.0 1520812799999 4732.77077356 12350 449810.0 2325.05712187
1520812800000 0.0053525 0.0059 0.005251 0.00575 2140690.0 1520899199999 12014.11525011 30944 1036640.0 5830.43407994
1520899200000 0.00575 0.0063726 0.00571 0.00619808 1797058.0 1520985599999 10785.09928537 29090 880625.0 5297.15446234
1520985600000 0.00618201 0.00654491 0.00601001 0.00622822 1753045.0 1521071999999 11086.93304886 30881 813855.0 5158.16003769
1521072000000 0.00622822 0.0063867 0.00588 0.0061725 1302004.0 1521158399999 7970.89563907 19581 540987.0 3324.71650041
1521158400000 0.0061725 0.00659 0.00608256 0.0064942 930251.0 1521244799999 5943.16558348 12365 453234.0 2900.67391618
1521244800000 0.00649296 0.00672 0.0063397 0.00669494 897048.0 1521331199999 5863.93979638 13395 432411.0 2834.00354316
1521331200000 0.00669494 0.00688794 0.00633303 0.00682631 1659231.0 1521417599999 10923.31828541 22206 792338.0 5236.44629042
1521417600000 0.00683998 0.00705 0.006625 0.00678927 1424712.0 1521503999999 9754.17747004 20241 694441.0 4766.46877602
1521504000000 0.00678427 0.007051 0.0065 0.00655217 1826722.0 1521590399999 12377.65937972 33631 834000.0 5669.28533616
1521590400000 0.0065539 0.00672434 0.00635 0.00653987 808580.0 1521676799999 5291.83698268 14727 427898.0 2800.8485271
1521676800000 0.00653895 0.0066 0.00637669 0.00648147 566132.0 1521763199999 3674.41527778 9432 298218.0 1939.95329321
1521763200000 0.00648147 0.0064925 0.006127 0.00626751 762293.0 1521849599999 4822.2565927 12231 371578.0 2352.3564342
1521849600000 0.00626751 0.0066965 0.00625526 0.00633761 629220.0 1521935999999 4053.38812345 12424 317752.0 2049.98298
1521936000000 0.00633761 0.00668878 0.00621235 0.00639459 470302.0 1522022399999 3016.13991191 9491 236737.0 1520.90765978
1522022400000 0.00643145 0.00662655 0.006314 0.00647999 637952.0 1522108799999 4101.53485476 9148 339866.0 2189.6897348
1522108800000 0.00647999 0.0066 0.00632607 0.00648501 487411.0 1522195199999 3164.92872884 8569 247545.0 1610.02360328
1522195200000 0.00649377 0.0066 0.00642495 0.00654419 555588.0 1522281599999 3605.63492525 11372 286621.0 1863.63749765
1522281600000 0.00652818 0.006715 0.0062301 0.00626775 1066767.0 1522367999999 6933.75463986 17002 514476.0 3358.38428368
1522368000000 0.006276 0.00634887 0.00592838 0.00595256 1069632.0 1522454399999 6563.0544133 19268 423626.0 2603.07489587
1522454400000 0.0059513 0.0061438 0.0058 0.00602613 602722.0 1522540799999 3596.98378267 8739 265247.0 1588.68409299
1522540800000 0.00602499 0.00619152 0.00584328 0.00588722 571802.0 1522627199999 3425.88717376 8563 215603.0 1295.42473414
1522627200000 0.00590093 0.00791231 0.00583 0.00707611 3502933.0 1522713599999 25156.65441186 44213 1814018.0 12912.13867817
1522713600000 0.00707612 0.00789 0.006881 0.00695998 1985102.0 1522799999999 14554.03721213 35584 994850.0 7330.58922523
1522800000000 0.00696197 0.007165 0.00654699 0.00656721 716907.0 1522886399999 4808.48846266 14285 286855.0 1931.41255636
1522886400000 0.00657293 0.00662999 0.00630437 0.006333 584705.0 1522972799999 3758.10445377 10980 248307.0 1597.2444971
1522972800000 0.006333 0.00649 0.0062648 0.00637351 317884.0 1523059199999 2027.6530231 6591 147505.0 941.62513358
1523059200000 0.00637351 0.00685 0.0063549 0.0065466 594556.0 1523145599999 3932.12024031 10610 264239.0 1751.09464738
1523145600000 0.00656515 0.00660939 0.00627424 0.00634972 567305.0 1523231999999 3629.26553722 9644 302047.0 1930.10179557
1523232000000 0.00634159 0.006896 0.0061005 0.00639592 1100776.0 1523318399999 7099.80769654 17807 585575.0 3762.08828993
1523318400000 0.006395 0.00689919 0.00638002 0.00654908 833557.0 1523404799999 5540.31393631 15623 403656.0 2689.61444486
1523404800000 0.00654655 0.00688 0.00650052 0.00656684 668629.0 1523491199999 4449.17021504 12512 281701.0 1878.87124399
1523491200000 0.00656684 0.00707113 0.00650001 0.00692 1250114.0 1523577599999 8463.35049273 19221 536229.0 3642.71486181
1523577600000 0.00690673 0.0069312 0.006512 0.0066694 947315.0 1523663999999 6366.37351591 16158 358497.0 2411.58178027
1523664000000 0.00666512 0.00695 0.00652 0.00662508 414836.0 1523750399999 2753.95904725 7391 202925.0 1354.62513953
1523750400000 0.00662508 0.00678775 0.00652002 0.00672758 555390.0 1523836799999 3671.62203295 8313 222179.0 1468.86032122
1523836800000 0.00674979 0.00677633 0.00647 0.0065291 531965.0 1523923199999 3515.00827725 8831 182031.0 1205.02572983
1523923200000 0.00653115 0.00666738 0.00651303 0.00658777 644760.0 1524009599999 4247.35319089 8326 196160.0 1292.29679437
1524009600000 0.0066 0.007 0.0064777 0.00682775 842485.0 1524095999999 5655.79264652 12189 383022.0 2577.70000082
1524096000000 0.00682685 0.00689899 0.00658 0.00660029 579242.0 1524182399999 3893.25717558 9979 211751.0 1426.29308416
1524182400000 0.00659805 0.00670938 0.00638159 0.0065 710956.0 1524268799999 4617.28418999 10816 241360.0 1570.20488213
1524268800000 0.0065 0.006565 0.00625 0.00636982 518036.0 1524355199999 3318.85755323 8430 211179.0 1354.83565189
1524355200000 0.00636873 0.00647535 0.006191 0.006246 455650.0 1524441599999 2868.43627812 8088 198121.0 1247.74939425
1524441600000 0.006246 0.0063 0.0055 0.00605117 616484.0 1524527999999 3763.54236118 10270 247830.0 1517.60896468
1524528000000 0.00605101 0.00614723 0.0059 0.00593006 639665.0 1524614399999 3847.43123406 11186 297438.0 1790.53840626
1524614400000 0.00593724 0.00621081 0.00590068 0.0059084 667027.0 1524700799999 4038.10570534 11844 345659.0 2097.14651024
1524700800000 0.00592203 0.00603047 0.0058 0.006 529767.0 1524787199999 3134.40042901 8876 227324.0 1346.69980705
1524787200000 0.006005 0.00601965 0.00580202 0.00585914 423871.0 1524873599999 2497.84792028 7683 194815.0 1148.14931219
1524873600000 0.00587341 0.0064899 0.00582076 0.00635431 905552.0 1524959999999 5564.83270673 14271 491044.0 3025.19657056
1524960000000 0.00636949 0.00726 0.00629825 0.00707614 1601735.0 1525046399999 10814.29742692 25477 907829.0 6145.8405973
1525046400000 0.00707961 0.00707961 0.00641382 0.00676234 1004530.0 1525132799999 6787.46114228 19094 463183.0 3130.54501565
1525132800000 0.0067647 0.00692 0.00652707 0.00682591 620758.0 1525219199999 4172.64281976 13788 336023.0 2256.569028
1525219200000 0.00681835 0.00733 0.00674411 0.0071917 967019.0 1525305599999 6864.58100549 20218 534912.0 3802.33001552
1525305600000 0.00719164 0.00727966 0.006501 0.00667031 1026234.0 1525391999999 7140.42068035 23132 474161.0 3307.58948609
1525392000000 0.0066587 0.00711277 0.00631213 0.00693673 1197012.0 1525478399999 8077.04971379 21518 522447.0 3536.51454561
1525478400000 0.00693674 0.00699157 0.00624 0.00635002 827287.0 1525564799999 5439.76205702 15427 303737.0 1998.16399141
1525564800000 0.00635272 0.006525 0.00600101 0.00633196 771007.0 1525651199999 4846.29573049 15308 291877.0 1835.79602718
1525651200000 0.00633093 0.0067948 0.006118 0.00663155 780270.0 1525737599999 5082.12055472 15690 357568.0 2331.86883595
1525737600000 0.00663207 0.0068 0.006427 0.006585 789379.0 1525823999999 5221.22707682 14527 321685.0 2135.22406229
1525824000000 0.00657602 0.00675824 0.00647078 0.0066117 457042.0 1525910399999 3020.89703128 11584 193859.0 1284.11714617
1525910400000 0.00661169 0.007185 0.00656251 0.006805 1391830.0 1525996799999 9670.78563493 24456 762983.0 5306.12231014
1525996800000 0.00678726 0.00696371 0.00670193 0.00672453 155629.0 1526083199999 1061.57953864 3280 61601.0 421.18113804
