1512691200000 2e-05 2e-05 7.92e-06 8.53e-06 82983186.0 1512777599999 716.05142276 15370 36941094.0 319.29833023
1512777600000 8.53e-06 1.011e-05 8.45e-06 9.02e-06 97704088.0 1512863999999 893.65037103 16519 39781159.0 364.50759894
1512864000000 9.01e-06 9.23e-06 7.32e-06 7.65e-06 99358039.0 1512950399999 813.06138648 15097 35822758.0 293.67618689
1512950400000 7.74e-06 9.25e-06 7.55e-06 8.51e-06 133077335.0 1513036799999 1090.04674261 18083 55433742.0 457.06453469
1513036800000 8.53e-06 9.5e-06 8.11e-06 9e-06 126396643.0 1513123199999 1081.16040428 19411 54089617.0 464.57285994
1513123200000 8.9e-06 9.78e-06 8.31e-06 9.04e-06 108824195.0 1513209599999 984.30217244 17431 42382053.0 383.52464521
1513209600000 9.04e-06 1.592e-05 8.74e-06 1.156e-05 175946654.0 1513295999999 1858.98689289 33512 80132117.0 863.48158899
1513296000000 1.156e-05 1.288e-05 8.72e-06 1.116e-05 221036764.0 1513382399999 2353.12861782 38625 95124538.0 1014.71953247
1513382400000 1.116e-05 1.402e-05 1e-05 1.219e-05 196139228.0 1513468799999 2199.0815241 37537 86126497.0 969.40090236
1513468800000 1.219e-05 1.575e-05 1.181e-05 1.405e-05 178099499.0 1513555199999 2476.63237051 51767 83738212.0 1169.77217871
1513555200000 1.404e-05 1.498e-05 1.313e-05 1.466e-05 114017538.0 1513641599999 1623.57670779 34169 48272036.0 688.1337259
1513641600000 1.466e-05 1.641e-05 1.402e-05 1.505e-05 160999601.0 1513727999999 2455.09072216 42942 65545280.0 999.40670669
1513728000000 1.504e-05 1.779e-05 1.25e-05 1.526e-05 187356016.0 1513814399999 2785.07392964 47232 80317865.0 1204.43677989
1513814400000 1.526e-05 1.686e-05 1.501e-05 1.638e-05 156796463.0 1513900799999 2485.11696185 42976 74959309.0 1189.77624079
1513900800000 1.639e-05 1.793e-05 1.291e-05 1.565e-05 171480729.0 1513987199999 2754.34819479 43381 84266514.0 1360.32562815
1513987200000 1.565e-05 1.711e-05 1.528e-05 1.61e-05 91187619.0 1514073599999 1462.29531055 32352 43667198.0 701.43635032
1514073600000 1.61e-05 1.647e-05 1.521e-05 1.607e-05 59736494.0 1514159999999 945.15477563 22668 27814959.0 440.36806582
1514160000000 1.605e-05 1.65e-05 1.555e-05 1.608e-05 100141253.0 1514246399999 1607.60474017 28726 42351500.0 680.35737004
1514246400000 1.609e-05 1.622e-05 1.3e-05 1.42e-05 104760536.0 1514332799999 1500.65814126 29625 48411217.0 693.88868195
1514332800000 1.419e-05 1.524e-05 1.342e-05 1.463e-05 60834054.0 1514419199999 867.83070187 25911 36633586.0 522.18731472
1514419200000 1.463e-05 1.601e-05 1.339e-05 1.538e-05 57608817.0 1514505599999 860.51536578 27337 28163214.0 421.83296452
1514505600000 1.536e-05 2.462e-05 1.529e-05 2.206e-05 292796570.0 1514591999999 5689.25049249 108117 159511859.0 3103.01499209
1514592000000 2.206e-05 2.98e-05 2.165e-05 2.495e-05 370940116.0 1514678399999 9496.09531911 175078 196824625.0 5054.34823918
1514678400000 2.499e-05 2.688e-05 2.3e-05 2.558e-05 117967766.0 1514764799999 2921.14774785 67860 59200256.0 1469.49804704
1514764800000 2.553e-05 4.1e-05 2.545e-05 3.648e-05 325343508.0 1514851199999 10961.13827438 180571 169134753.0 5681.35575722
1514851200000 3.667e-05 4.3e-05 2.603e-05 3.785e-05 308289666.0 1514937599999 11603.55641926 177763 167188044.0 6313.73379031
1514937600000 3.785e-05 6.789e-05 3.779e-05 5.963e-05 462928466.0 1515023999999 24548.25568927 374210 245479322.0 13024.03667225
1515024000000 5.963e-05 6.295e-05 4.5e-05 4.959e-05 277269999.0 1515110399999 15593.73604817 319612 136836496.0 7732.32918731
1515110400000 4.951e-05 5.28e-05 3.464e-05 3.91e-05 262697846.0 1515196799999 11774.54721792 238952 130827658.0 5880.89248667
1515196800000 3.906e-05 4.972e-05 3.663e-05 4.069e-05 201298554.0 1515283199999 8716.48472367 170780 102526175.0 4448.64558796
1515283200000 4.07e-05 4.46e-05 3.35e-05 4.174e-05 228469155.0 1515369599999 9320.76841639 136506 113876566.0 4685.59512075
1515369600000 4.175e-05 4.431e-05 3.665e-05 4.138e-05 122492170.0 1515455999999 5145.93210112 97462 64613270.0 2717.78835379
1515456000000 4.133e-05 4.284e-05 3.842e-05 4.021e-05 142624839.0 1515542399999 5911.60301925 94033 70996887.0 2947.82233104
1515542400000 4.021e-05 4.112e-05 3.351e-05 3.764e-05 113014511.0 1515628799999 4266.00939374 104032 53733294.0 2033.2249385
1515628800000 3.763e-05 4.491e-05 3.23e-05 4.167e-05 143008098.0 1515715199999 5579.19439695 128393 74512847.0 2928.32425554
1515715200000 4.167e-05 5.074e-05 4.012e-05 4.855e-05 190493259.0 1515801599999 9014.59393709 179876 103514858.0 4900.50073711
1515801600000 4.855e-05 5.078e-05 4.406e-05 4.677e-05 75681444.0 1515887999999 3577.17411601 90371 36529561.0 1727.44847765
1515888000000 4.677e-05 4.744e-05 4.218e-05 4.557e-05 42769284.0 1515974399999 1924.89013119 56075 21019381.0 946.34057819
1515974400000 4.557e-05 4.949e-05 4.32e-05 4.36e-05 76470273.0 1516060799999 3490.44147192 84621 40246740.0 1840.65022398
1516060800000 4.36e-05 4.392e-05 3.025e-05 3.898e-05 97613837.0 1516147199999 3776.77467671 90081 46056885.0 1788.81584728
1516147200000 3.898e-05 4.39e-05 3.2e-05 4.328e-05 111039350.0 1516233599999 4207.64341908 100802 55871944.0 2120.72520545
1516233600000 4.328e-05 4.77e-05 4.151e-05 4.435e-05 91515729.0 1516319999999 4102.84905302 92386 48233419.0 2161.58369865
1516320000000 4.435e-05 4.575e-05 4.257e-05 4.37e-05 41607896.0 1516406399999 1840.94410962 45746 20961134.0 928.31001438
1516406400000 4.37e-05 4.384e-05 4.037e-05 4.151e-05 39265287.0 1516492799999 1639.39654512 40722 19574373.0 818.2103241
1516492800000 4.152e-05 4.178e-05 3.899e-05 4.026e-05 35138624.0 1516579199999 1415.1374755 35555 16623813.0 669.73307555
1516579200000 4.025e-05 4.515e-05 3.969e-05 4.427e-05 76942080.0 1516665599999 3290.0913747 71483 40578577.0 1739.38125034
1516665600000 4.418e-05 4.595e-05 4.3e-05 4.485e-05 54025196.0 1516751999999 2395.96300127 51427 26551862.0 1178.62796921
1516752000000 4.484e-05 5.34e-05 4.46e-05 5.041e-05 159580892.0 1516838399999 7917.89058518 149682 80941242.0 4018.25699346
1516838400000 5.041e-05 5.799e-05 4.915e-05 5.434e-05 148127550.0 1516924799999 7993.01750186 150530 75088384.0 4053.59853335
1516924800000 5.435e-05 5.827e-05 5.275e-05 5.69e-05 107978494.0 1517011199999 5996.31546795 106611 57275541.0 3181.50572727
1517011200000 5.702e-05 5.72e-05 5.339e-05 5.403e-05 43321891.0 1517097599999 2405.42066135 54803 21509841.0 1195.15405062
1517097600000 5.403e-05 5.403e-05 5.102e-05 5.285e-05 40263283.0 1517183999999 2111.49403665 52802 19631938.0 1030.07809069
1517184000000 5.285e-05 5.285e-05 5.035e-05 5.141e-05 32296362.0 1517270399999 1663.42187329 41148 16341653.0 841.87755619
1517270400000 5.139e-05 5.147e-05 4.656e-05 4.8e-05 50724803.0 1517356799999 2480.45106964 59051 23520912.0 1150.87736515
1517356800000 4.801e-05 5.349e-05 4.52e-05 5.217e-05 61084729.0 1517443199999 3082.54274112 80915 29950128.0 1512.81854106
1517443200000 5.221e-05 5.241e-05 4.77e-05 4.949e-05 45553517.0 1517529599999 2269.66175988 60809 22214387.0 1107.29187892
1517529600000 4.949e-05 4.991e-05 3.727e-05 4.661e-05 84015328.0 1517615999999 3747.5647849 90010 38444676.0 1721.49213883
1517616000000 4.65e-05 5.144e-05 4.22e-05 4.813e-05 49595421.0 1517702399999 2339.24504188 68813 24931719.0 1178.96819441
1517702400000 4.814e-05 5.07e-05 4.499e-05 4.629e-05 40249411.0 1517788799999 1917.9146528 57861 19021925.0 907.99757445
1517788800000 4.629e-05 5.035e-05 4.36e-05 4.65e-05 65465060.0 1517875199999 3039.38311768 70167 33074452.0 1536.27152691
1517875200000 4.655e-05 4.78e-05 4.301e-05 4.701e-05 74606364.0 1517961599999 3404.5208687 77488 34947765.0 1599.26445515
1517961600000 4.701e-05 4.701e-05 4.376e-05 4.405e-05 37199764.0 1518047999999 1691.18354508 50487 17423368.0 792.84594666
1518048000000 4.399e-05 4.463e-05 4.35e-05 4.449e-05 810669.0 1518134399999 35.7706819 1067 417359.0 18.47595311
1518134400000 4.448e-05 4.653e-05 4.296e-05 4.501e-05 26500071.0 1518220799999 1187.81163697 36589 13150961.0 590.11337606
1518220800000 4.504e-05 4.844e-05 4.453e-05 4.574e-05 48284912.0 1518307199999 2236.99242372 70508 24701420.0 1144.8409612
1518307200000 4.574e-05 4.575e-05 4.337e-05 4.456e-05 22868341.0 1518393599999 1019.04055823 36789 11603214.0 517.29289537
1518393600000 4.451e-05 4.52e-05 4.32e-05 4.337e-05 17719936.0 1518479999999 785.44601186 27418 7807893.0 346.20418276
1518480000000 4.335e-05 4.975e-05 4.293e-05 4.7e-05 88244501.0 1518566399999 4129.07270044 103355 42725843.0 2000.98128091
1518566400000 4.702e-05 4.875e-05 4.522e-05 4.745e-05 67342157.0 1518652799999 3187.98546284 87162 32970611.0 1561.24559791
1518652800000 4.745e-05 4.75e-05 4.336e-05 4.399e-05 39209295.0 1518739199999 1780.0621965 57011 19189558.0 872.58979269
1518739200000 4.399e-05 4.5e-05 4.351e-05 4.408e-05 23767725.0 1518825599999 1050.10417761 36689 10141508.0 448.35526685
1518825600000 4.418e-05 4.538e-05 4.25e-05 4.265e-05 34387339.0 1518911999999 1503.02204931 47319 16368469.0 716.58186393
1518912000000 4.265e-05 4.298e-05 4.1e-05 4.179e-05 21885766.0 1518998399999 917.02683862 32167 9803967.0 411.09461973
1518998400000 4.185e-05 4.255e-05 3.954e-05 3.982e-05 26495917.0 1519084799999 1085.73327574 31046 11878229.0 486.26472078
1519084800000 3.985e-05 4e-05 3.41e-05 3.482e-05 54785353.0 1519171199999 2012.2028263 49180 26362864.0 966.08734213
1519171200000 3.482e-05 3.838e-05 3.334e-05 3.596e-05 65430481.0 1519257599999 2351.15875543 57830 32272752.0 1157.32671065
1519257600000 3.59e-05 3.675e-05 3.346e-05 3.543e-05 32406077.0 1519343999999 1156.89335437 32595 15606523.0 557.25443512
1519344000000 3.547e-05 3.697e-05 3.47e-05 3.615e-05 24335654.0 1519430399999 872.2220132 30573 11492399.0 412.38984279
1519430400000 3.615e-05 3.622e-05 3.49e-05 3.538e-05 17844558.0 1519516799999 632.31945827 23856 8380488.0 296.99179314
1519516800000 3.533e-05 3.7e-05 3.487e-05 3.644e-05 24044956.0 1519603199999 854.99661751 29521 13806670.0 490.67309928
1519603200000 3.638e-05 3.645e-05 3.441e-05 3.459e-05 18004687.0 1519689599999 638.08989952 22762 8569572.0 303.68729724
1519689600000 3.455e-05 3.507e-05 3.283e-05 3.366e-05 19130810.0 1519775999999 645.33818601 23897 9913712.0 334.41125947
1519776000000 3.366e-05 3.366e-05 3.153e-05 3.199e-05 20529115.0 1519862399999 665.85529591 24245 9898387.0 321.49499596
1519862400000 3.199e-05 3.249e-05 2.799e-05 3.083e-05 24089503.0 1519948799999 751.46330603 30606 11524656.0 360.41439138
1519948800000 3.083e-05 3.084e-05 2.868e-05 2.88e-05 22362213.0 1520035199999 659.47976328 29180 10601375.0 312.3882036
1520035200000 2.88e-05 3.066e-05 2.727e-05 3.04e-05 27727991.0 1520121599999 799.65254312 31398 12870976.0 371.2535314
1520121600000 3.049e-05 3.293e-05 2.98e-05 3.149e-05 79131289.0 1520207999999 2482.19251856 73073 36325953.0 1140.03696629
1520208000000 3.149e-05 3.475e-05 3.014e-05 3.042e-05 60885220.0 1520294399999 1998.42023532 60115 28987155.0 952.67461185
1520294400000 3.044e-05 3.234e-05 3.014e-05 3.105e-05 23808968.0 1520380799999 749.02163377 27593 11585575.0 364.30064007
1520380800000 3.105e-05 3.297e-05 3e-05 3.279e-05 41830897.0 1520467199999 1319.95799332 43967 18282109.0 577.20329984
1520467200000 3.272e-05 3.366e-05 3.162e-05 3.293e-05 34962634.0 1520553599999 1144.99882516 36453 15793182.0 517.57449772
1520553600000 3.293e-05 3.331e-05 3.088e-05 3.327e-05 30267459.0 1520639999999 975.55729374 33764 14100112.0 455.25314402
1520640000000 3.331e-05 3.368e-05 3.225e-05 3.265e-05 15470655.0 1520726399999 510.31421429 20196 7257075.0 239.69829045
1520726400000 3.272e-05 3.295e-05 3.112e-05 3.167e-05 14090885.0 1520812799999 451.91074028 19512 6529161.0 209.40360336
1520812800000 3.168e-05 3.199e-05 3.075e-05 3.156e-05 14962748.0 1520899199999 467.88746373 20394 7370075.0 230.5829156
1520899200000 3.15e-05 3.191e-05 3.044e-05 3.138e-05 30364871.0 1520985599999 941.70934269 23204 18248403.0 566.07488937
1520985600000 3.138e-05 3.168e-05 2.944e-05 2.996e-05 63093455.0 1521071999999 1947.73427691 30083 31490121.0 972.07947289
1521072000000 2.995e-05 3.005e-05 2.753e-05 2.898e-05 68020694.0 1521158399999 1947.60552542 36109 35570846.0 1017.27544039
1521158400000 2.899e-05 2.902e-05 2.753e-05 2.761e-05 48318750.0 1521244799999 1360.3445345 22933 24808916.0 698.68449129
1521244800000 2.761e-05 2.846e-05 2.546e-05 2.598e-05 62210877.0 1521331199999 1676.50430891 28242 32788008.0 882.55222259
1521331200000 2.597e-05 2.783e-05 2.127e-05 2.673e-05 115520202.0 1521417599999 2803.87469628 60210 57624236.0 1402.6089255
1521417600000 2.679e-05 2.911e-05 2.13e-05 2.878e-05 91944570.0 1521503999999 2509.57407234 55244 48171821.0 1315.24513139
1521504000000 2.878e-05 3.189e-05 2.776e-05 2.995e-05 84411587.0 1521590399999 2470.65988155 52325 43910378.0 1285.12426879
1521590400000 2.997e-05 3.036e-05 2.781e-05 2.817e-05 81501120.0 1521676799999 2358.18610075 41703 43407505.0 1256.24685047
1521676800000 2.816e-05 2.848e-05 2.636e-05 2.767e-05 67099777.0 1521763199999 1848.358411 33315 33921015.0 934.39128419
1521763200000 2.768e-05 2.797e-05 2.638e-05 2.667e-05 75449897.0 1521849599999 2034.77124487 33379 36855107.0 994.44967406
1521849600000 2.667e-05 2.768e-05 2.636e-05 2.715e-05 69463999.0 1521935999999 1878.05073908 31394 32981461.0 892.39909838
1521936000000 2.717e-05 2.849e-05 2.705e-05 2.834e-05 63631203.0 1522022399999 1753.37534565 27880 29875076.0 824.05049303
1522022400000 2.833e-05 2.91e-05 2.725e-05 2.787e-05 67760548.0 1522108799999 1894.91705225 34951 33931568.0 948.28965945
1522108800000 2.787e-05 2.844e-05 2.595e-05 2.756e-05 59454322.0 1522195199999 1622.13677476 31126 28436662.0 776.76895926
1522195200000 2.756e-05 2.806e-05 2.73e-05 2.743e-05 47599889.0 1522281599999 1314.36752341 21174 23463678.0 648.10995584
1522281600000 2.75e-05 2.797e-05 2.1e-05 2.668e-05 74289728.0 1522367999999 1972.42980562 34214 36067101.0 962.37586143
1522368000000 2.668e-05 2.757e-05 2.585e-05 2.74e-05 63934060.0 1522454399999 1717.15512132 29843 34020728.0 912.95135399
1522454400000 2.739e-05 3.076e-05 2.713e-05 2.96e-05 120371798.0 1522540799999 3533.68738079 68647 60298755.0 1769.40637026
1522540800000 2.956e-05 3.041e-05 2.905e-05 3.019e-05 68476997.0 1522627199999 2032.68806384 36758 35804923.0 1063.4635352
1522627200000 3.02e-05 3.349e-05 2.962e-05 3.169e-05 99298198.0 1522713599999 3103.36042214 58534 53075433.0 1662.62441081
1522713600000 3.169e-05 3.323e-05 3.06e-05 3.134e-05 79970978.0 1522799999999 2515.90261925 45013 40254394.0 1267.52204248
1522800000000 3.133e-05 3.177e-05 2.95e-05 2.972e-05 70155468.0 1522886399999 2139.06717731 35444 32317771.0 985.40896579
1522886400000 2.969e-05 3.05e-05 2.842e-05 2.9e-05 74663033.0 1522972799999 2174.54688962 36227 34588279.0 1007.99873123
1522972800000 2.902e-05 2.992e-05 2.851e-05 2.902e-05 72644702.0 1523059199999 2114.99984623 30212 29244485.0 852.23599774
1523059200000 2.901e-05 2.98e-05 2.876e-05 2.923e-05 56701465.0 1523145599999 1659.38149595 25957 25856661.0 757.13092946
1523145600000 2.921e-05 2.952e-05 2.851e-05 2.943e-05 42653726.0 1523231999999 1240.55734222 18817 19688964.0 572.86653691
1523232000000 2.943e-05 2.982e-05 2.871e-05 2.9e-05 62078862.0 1523318399999 1817.32994492 29758 28896599.0 847.16604221
1523318400000 2.9e-05 2.992e-05 2.898e-05 2.914e-05 49006953.0 1523404799999 1433.34457741 23497 22958349.0 671.88959457
1523404800000 2.914e-05 3.078e-05 2.9e-05 3.047e-05 62226775.0 1523491199999 1831.58538956 30444 29380051.0 865.87286964
1523491200000 3.051e-05 3.19e-05 2.889e-05 3.099e-05 103750930.0 1523577599999 3130.8529291 61300 53289801.0 1608.94361356
1523577600000 3.093e-05 3.325e-05 2.979e-05 3.116e-05 99813539.0 1523663999999 3137.00554053 65764 52941778.0 1663.50132082
1523664000000 3.115e-05 3.232e-05 3.075e-05 3.168e-05 58602348.0 1523750399999 1846.39503755 29598 27108635.0 855.08714091
1523750400000 3.168e-05 3.66e-05 3.162e-05 3.53e-05 103110791.0 1523836799999 3546.3357429 72944 51384453.0 1767.01395186
1523836800000 3.531e-05 3.64e-05 3.408e-05 3.538e-05 74207201.0 1523923199999 2608.64734628 48397 39550566.0 1391.16289837
1523923200000 3.538e-05 3.957e-05 3.478e-05 3.809e-05 100283002.0 1524009599999 3743.91619522 74094 49094049.0 1834.25700577
1524009600000 3.81e-05 4.379e-05 3.803e-05 4.332e-05 120619094.0 1524095999999 4968.16313431 99349 63908761.0 2632.15335316
1524096000000 4.331e-05 4.68e-05 4.226e-05 4.402e-05 118969341.0 1524182399999 5274.24313888 110929 61233747.0 2712.88576939
1524182400000 4.407e-05 4.617e-05 4.288e-05 4.414e-05 97253899.0 1524268799999 4320.42089977 99403 48278197.0 2144.27939242
1524268800000 4.415e-05 4.534e-05 4e-05 4.179e-05 65991213.0 1524355199999 2802.1028391 58871 32782875.0 1391.77769638
1524355200000 4.185e-05 4.275e-05 4.105e-05 4.15e-05 45188228.0 1524441599999 1895.86742863 38657 24306461.0 1019.97941291
1524441600000 4.151e-05 4.214e-05 4.031e-05 4.165e-05 52768006.0 1524527999999 2188.60975205 42861 24933057.0 1034.55307703
1524528000000 4.166e-05 4.345e-05 4.066e-05 4.078e-05 79463208.0 1524614399999 3345.81226246 82017 38323020.0 1612.30802206
1524614400000 4.079e-05 4.115e-05 3.676e-05 3.799e-05 87362939.0 1524700799999 3370.30458133 67229 44049552.0 1698.98517505
1524700800000 3.799e-05 4.4e-05 3.775e-05 4.163e-05 90475536.0 1524787199999 3767.43676632 82347 46784085.0 1951.16518993
1524787200000 4.163e-05 4.591e-05 4.131e-05 4.338e-05 102977840.0 1524873599999 4574.03607326 89147 50502445.0 2243.74024677
1524873600000 4.338e-05 4.676e-05 4.316e-05 4.586e-05 69621147.0 1524959999999 3149.26661419 62233 34147092.0 1543.35667909
1524960000000 4.587e-05 4.899e-05 4.495e-05 4.875e-05 86447076.0 1525046399999 4101.7758896 90774 43206385.0 2051.71229189
1525046400000 4.875e-05 4.889e-05 4.481e-05 4.58e-05 57396715.0 1525132799999 2671.91673194 56537 27179276.0 1265.31839243
1525132800000 4.58e-05 4.974e-05 4.359e-05 4.823e-05 85544497.0 1525219199999 4069.56523239 80997 41463191.0 1973.42122846
1525219200000 4.823e-05 4.882e-05 4.685e-05 4.75e-05 49817045.0 1525305599999 2390.56913695 50978 24145173.0 1159.32458341
1525305600000 4.75e-05 4.77e-05 4.432e-05 4.458e-05 46687940.0 1525391999999 2161.62672029 70207 23075480.0 1069.92815429
1525392000000 4.458e-05 4.552e-05 4.372e-05 4.424e-05 20787911.0 1525478399999 928.40661364 32418 10232036.0 457.281186
1525478400000 4.424e-05 4.444e-05 4.285e-05 4.374e-05 19176277.0 1525564799999 837.7716076 33030 10259914.0 448.64929911
1525564800000 4.358e-05 4.374e-05 4.215e-05 4.247e-05 16364771.0 1525651199999 700.69694815 29525 7677026.0 328.75767027
1525651200000 4.246e-05 4.282e-05 4.066e-05 4.217e-05 22342165.0 1525737599999 933.06692993 36947 9833088.0 411.08788068
1525737600000 4.214e-05 4.357e-05 4.085e-05 4.142e-05 26732626.0 1525823999999 1122.75016065 36978 13027409.0 546.0381449
1525824000000 4.147e-05 4.19e-05 3.916e-05 3.99e-05 23540953.0 1525910399999 953.71853231 39979 10845433.0 439.73344855
1525910400000 3.991e-05 4.118e-05 3.832e-05 3.832e-05 20253748.0 1525996799999 806.38987386 31858 10490518.0 417.46956597
1525996800000 3.832e-05 3.915e-05 3.785e-05 3.857e-05 5271801.0 1526083199999 202.87637326 6983 2882229.0 110.95552606
