1512691200000 0.00023 0.00034999 0.00023 0.0003098 14519085.0 1512777599999 4407.40540889 7658 5459528.0 1656.22114836
1512777600000 0.00030992 0.00032989 0.00026002 0.00028864 21581927.0 1512863999999 6323.86197075 10570 7033775.0 2060.00298426
1512864000000 0.00028458 0.0002952 0.00023001 0.00026342 16152086.0 1512950399999 4291.51933399 7812 5438624.0 1454.75150112
1512950400000 0.0002671 0.000323 0.00026343 0.00027754 15579739.0 1513036799999 4537.03880035 7595 5844003.0 1702.53806566
1513036800000 0.00027773 0.00028623 0.000215 0.000237 17727298.0 1513123199999 4496.88055201 8431 6391854.0 1630.99453298
1513123200000 0.00023729 0.00025152 0.00020714 0.00021116 17917755.0 1513209599999 4044.43853049 8308 7166753.0 1620.01560035
1513209600000 0.00021031 0.00040991 0.00019 0.00027781 25492127.0 1513295999999 6384.20596716 12794 10099407.0 2532.95440032
1513296000000 0.000279 0.003 0.00025501 0.00028905 31087398.0 1513382399999 9023.11312285 15619 11732801.0 3617.95570698
1513382400000 0.00028905 0.0004 0.00027105 0.00034342 24648563.0 1513468799999 7368.1167415 12845 10235982.0 3065.85797163
1513468800000 0.00034342 0.00043 0.00032022 0.000374 25512267.0 1513555199999 9592.5548332 18413 10034388.0 3786.21860191
1513555200000 0.00037397 0.00039348 0.00033107 0.00035286 12655496.0 1513641599999 4606.23400515 12306 5129319.0 1866.73142436
1513641600000 0.0003546 0.00037457 0.00030502 0.00032503 14183712.0 1513727999999 4791.82532871 12755 5794208.0 1970.43707316
1513728000000 0.00032746 0.0003666 0.00027971 0.000316 21678943.0 1513814399999 6864.17181722 14847 8238253.0 2621.46328982
1513814400000 0.000316 0.000355 0.000301 0.00032294 17622316.0 1513900799999 5670.86347253 14656 6855103.0 2214.27127178
1513900800000 0.00032268 0.00035489 0.00027996 0.00033284 17976233.0 1513987199999 5890.69876642 14583 7916678.0 2604.77828811
1513987200000 0.0003283 0.00035579 0.000315 0.0003352 12909493.0 1514073599999 4274.37157467 11831 5316286.0 1768.06507863
1514073600000 0.00033551 0.0003491 0.00031529 0.00032962 8479325.0 1514159999999 2770.60918792 9068 3572917.0 1174.07815473
1514160000000 0.00032962 0.00032994 0.0002991 0.000308 9022612.0 1514246399999 2790.10832109 8168 3159248.0 979.17305458
1514246400000 0.00030988 0.00031073 0.00028033 0.00030162 11466196.0 1514332799999 3355.96432036 9202 5078288.0 1485.56767246
1514332800000 0.0003009 0.00031999 0.00028614 0.00030596 11816112.0 1514419199999 3510.80222369 10328 4453690.0 1327.28908886
1514419200000 0.00030597 0.00032 0.00028411 0.00030833 12070382.0 1514505599999 3620.68866478 10732 5239118.0 1576.99679073
1514505600000 0.0003087 0.000485 0.00030543 0.00043497 47125830.0 1514591999999 17920.70052213 36141 21989859.0 8368.53251721
1514592000000 0.00043498 0.00058711 0.00042235 0.000454 81077512.0 1514678399999 39312.5969338 74494 31666872.0 15364.64265332
1514678400000 0.00045384 0.00049727 0.00043 0.00047674 32073267.0 1514764799999 14757.30605262 32967 14755772.0 6812.51451078
1514764800000 0.00047671 0.00073121 0.00047605 0.00065205 67017209.0 1514851199999 40305.82781605 75421 31424856.0 18854.0329333
1514851200000 0.00064897 0.00068 0.00052039 0.0006499 57873666.0 1514937599999 35695.61333988 73307 25325513.0 15693.76195727
1514937600000 0.000651 0.00117 0.00064819 0.00095 100336875.0 1515023999999 89400.138487 167013 45572205.0 40756.84832645
1515024000000 0.00095462 0.00100861 0.0007321 0.00079081 75014185.0 1515110399999 65408.0619781 145612 34119773.0 29781.87477285
1515110400000 0.00079604 0.00082989 0.0006207 0.00068802 68453001.0 1515196799999 49667.59978134 117995 29554783.0 21494.36483015
1515196800000 0.00068999 0.0008293 0.00064 0.000692 55083520.0 1515283199999 40092.57386855 88764 23907389.0 17461.55462579
1515283200000 0.00069299 0.0007246 0.000531 0.00060019 39549893.0 1515369599999 25134.22750132 57617 18002727.0 11461.69833066
1515369600000 0.00060019 0.00060317 0.00051611 0.000544 33552907.0 1515455999999 18784.30200223 47532 16520970.0 9245.7395579
1515456000000 0.0005445 0.000566 0.000414 0.000447 35503911.0 1515542399999 17695.7138764 48076 16793115.0 8311.35085828
1515542400000 0.00044658 0.00052044 0.00035015 0.000449 48456834.0 1515628799999 19815.32082707 59583 23716228.0 9667.78508591
1515628800000 0.000449 0.00051 0.00036 0.00048398 55287059.0 1515715199999 24179.93079581 66629 24541801.0 10779.82589827
1515715200000 0.00048398 0.00057 0.00046889 0.00053248 63945499.0 1515801599999 33908.08885664 88551 29979771.0 15902.15345578
1515801600000 0.0005325 0.0005597 0.0004475 0.00047908 36130567.0 1515887999999 18056.73375598 50008 17994180.0 8975.8628
1515888000000 0.000479 0.00048436 0.00043456 0.00045615 20464972.0 1515974399999 9423.69330532 31496 8974698.0 4133.1253377
1515974400000 0.00045615 0.00054 0.00044268 0.00046345 28724641.0 1516060799999 13811.22644322 44910 13598884.0 6548.50218803
1516060800000 0.00046345 0.000472 0.00035003 0.00042495 42522239.0 1516147199999 18036.75166663 57480 18818393.0 7950.97390657
1516147200000 0.00042499 0.000485 0.00038 0.00047595 47435532.0 1516233599999 20223.34937585 62332 20784670.0 8852.16255108
1516233600000 0.00047403 0.000523 0.000455 0.00048989 39222227.0 1516319999999 19426.43715271 53334 17667739.0 8763.2659091
1516320000000 0.00048989 0.0005048 0.00047 0.00048585 17580272.0 1516406399999 8556.11344242 25304 8001292.0 3900.40796301
1516406400000 0.00048585 0.00048585 0.00045245 0.00046 17655948.0 1516492799999 8236.11280541 24253 8141048.0 3797.54433437
1516492800000 0.000461 0.000467 0.00042508 0.00044227 15186917.0 1516579199999 6753.33595846 20480 6648235.0 2961.61741921
1516579200000 0.00044287 0.0004915 0.00043467 0.0004817 25168321.0 1516665599999 11692.76684862 33414 11032777.0 5130.19384428
1516665600000 0.0004817 0.000509 0.00046669 0.00049121 21995500.0 1516751999999 10695.96965545 30162 10060342.0 4894.11116772
1516752000000 0.00049326 0.00058454 0.000491 0.00053999 55730621.0 1516838399999 30095.04135841 70863 27066563.0 14627.12071173
1516838400000 0.00053917 0.000615 0.00052004 0.000576 52327463.0 1516924799999 29914.17416194 71967 26521968.0 15190.49562558
1516924800000 0.00057625 0.00061215 0.00055104 0.00060104 47605188.0 1517011199999 27965.77834644 59652 23129353.0 13621.74866076
1517011200000 0.0006018 0.000603 0.00054503 0.00055499 25323009.0 1517097599999 14674.58944978 34040 9417335.0 5442.59369693
1517097600000 0.00055499 0.000555 0.000489 0.000502 23738973.0 1517183999999 12247.89102759 34936 11462321.0 5905.15457051
1517184000000 0.000502 0.000506 0.0004817 0.00049156 15558416.0 1517270399999 7654.45868096 25049 7562807.0 3724.54399677
1517270400000 0.00049171 0.00049304 0.00044 0.000453 22924241.0 1517356799999 10557.66737161 34847 9106729.0 4197.5462475
1517356800000 0.000453 0.0005 0.00042401 0.0004761 25824931.0 1517443199999 11983.76651662 44138 10675325.0 4982.00667519
1517443200000 0.00047603 0.00048 0.00039296 0.00043713 30145475.0 1517529599999 13013.58493467 43083 12980506.0 5602.10969858
1517529600000 0.00043713 0.00046 0.000372 0.00044825 40910370.0 1517615999999 17236.49638336 55166 18713951.0 7936.25436973
1517616000000 0.00044825 0.000489 0.000407 0.00045693 21774170.0 1517702399999 9737.85236775 36042 10262647.0 4610.13785614
1517702400000 0.00045694 0.00048889 0.00044335 0.00045821 17006700.0 1517788799999 7876.41147632 28150 7489438.0 3476.89945521
1517788800000 0.00045821 0.00048999 0.00044101 0.00046254 28420290.0 1517875199999 13126.638702 38983 12125357.0 5619.66318512
1517875200000 0.00046252 0.00048 0.00044117 0.00046093 30482355.0 1517961599999 14063.06061643 40738 15100805.0 6973.45402569
1517961600000 0.00046093 0.00046549 0.000435 0.00044144 19465894.0 1518047999999 8767.9064141 30363 9919832.0 4465.5401305
1518048000000 0.00044144 0.0004459 0.00043883 0.00044336 403740.0 1518134399999 178.83520555 390 338276.0 149.8408437
1518134400000 0.00044344 0.0004591 0.00042751 0.00044725 11954398.0 1518220799999 5305.0049552 17133 5528990.0 2446.29503659
1518220800000 0.000446 0.00048101 0.00044468 0.00045872 18880501.0 1518307199999 8714.86567973 31617 8595674.0 3973.22600568
1518307200000 0.00045985 0.00045987 0.00043601 0.0004437 9882664.0 1518393599999 4395.72775737 17678 3840101.0 1707.73690658
1518393600000 0.00044369 0.00045558 0.00044192 0.00044542 8689656.0 1518479999999 3891.95762821 16172 4444549.0 1991.21255464
1518480000000 0.00044543 0.00050788 0.00043732 0.00047688 28522311.0 1518566399999 13525.67988624 48947 15420812.0 7315.87030766
1518566400000 0.00047689 0.00050111 0.00046426 0.0004882 24114917.0 1518652799999 11696.83807275 45910 12114690.0 5886.27369111
1518652800000 0.0004882 0.00048899 0.00047 0.00047746 13064932.0 1518739199999 6266.8880294 27965 6468515.0 3104.17419629
1518739200000 0.00047746 0.0005 0.00047011 0.00047798 11340233.0 1518825599999 5406.36617465 21796 5404570.0 2584.57827581
1518825600000 0.00047803 0.000494 0.00047309 0.00048519 12205020.0 1518911999999 5900.71602479 26027 6015614.0 2909.06913134
1518912000000 0.00048594 0.00048949 0.00047204 0.00047682 9580422.0 1518998399999 4578.91008299 17527 4560593.0 2179.03195943
1518998400000 0.00047678 0.000482 0.00047 0.000473 8233230.0 1519084799999 3908.12124077 17129 4194631.0 1993.91642821
1519084800000 0.000473 0.00047499 0.00044 0.000442 12508485.0 1519171199999 5674.37541437 25777 5316702.0 2414.14349677
1519171200000 0.000442 0.0004749 0.00042341 0.000449 14892730.0 1519257599999 6644.51112057 30485 6929453.0 3103.71847989
1519257600000 0.00044875 0.00045799 0.00043 0.0004354 7824949.0 1519343999999 3465.71347015 16101 3287769.0 1457.57487897
1519344000000 0.0004353 0.0004354 0.00041405 0.00043023 6825411.0 1519430399999 2905.21521281 15280 2708490.0 1153.13697466
1519430400000 0.00042929 0.0004308 0.00040378 0.0004118 6701704.0 1519516799999 2801.74717412 11996 2508771.0 1049.95317779
1519516800000 0.00041179 0.0004212 0.00039563 0.00041526 6629449.0 1519603199999 2698.57010428 11592 2888419.0 1177.14017198
1519603200000 0.00041415 0.0004179 0.0003991 0.00041077 5750138.0 1519689599999 2352.17343173 10328 2892175.0 1183.75247444
1519689600000 0.00041013 0.00041277 0.00039919 0.0004099 6810495.0 1519775999999 2771.7893949 12775 2996077.0 1220.81720036
1519776000000 0.00040943 0.00040999 0.0003868 0.000387 6569583.0 1519862399999 2602.45105284 11780 2508153.0 994.05891611
1519862400000 0.00038699 0.00039547 0.00036951 0.00038582 8467335.0 1519948799999 3252.64766115 14905 3834366.0 1476.66636653
1519948800000 0.00038516 0.00039195 0.00037 0.0003717 7615329.0 1520035199999 2860.74516266 14937 2734472.0 1029.35851102
1520035200000 0.0003721 0.0004103 0.000361 0.00040701 8801194.0 1520121599999 3342.1753606 15449 4668208.0 1776.77913907
1520121600000 0.00040718 0.000435 0.00039589 0.00041884 16976329.0 1520207999999 7024.89918001 28798 8875857.0 3678.35060527
1520208000000 0.00041906 0.000461 0.00040953 0.00041197 14931831.0 1520294399999 6549.55972821 26120 7244761.0 3178.29035907
1520294400000 0.0004117 0.00043 0.000405 0.0004084 6603076.0 1520380799999 2748.47456937 12451 3251687.0 1355.00543038
1520380800000 0.0004084 0.00043977 0.00040165 0.00043062 10305198.0 1520467199999 4332.45459939 19487 5293615.0 2228.98078888
1520467200000 0.00043211 0.00044637 0.000415 0.00043861 9118560.0 1520553599999 3928.7953288 17168 4604885.0 1990.6891553
1520553600000 0.00043861 0.00044397 0.00040449 0.00042351 8592811.0 1520639999999 3622.79291568 15943 3420493.0 1443.85869653
1520640000000 0.00042354 0.00042858 0.000412 0.00042187 4043493.0 1520726399999 1700.70184667 8602 1708173.0 719.0052031
1520726400000 0.00042059 0.0004216 0.00040697 0.00041993 4773117.0 1520812799999 1977.71493966 9378 1890268.0 784.43641856
1520812800000 0.00041904 0.00041993 0.00040621 0.00041319 6022666.0 1520899199999 2489.37535787 10719 2595532.0 1072.06173163
1520899200000 0.00041298 0.00041659 0.00040588 0.000416 4196575.0 1520985599999 1721.77188652 8507 1791232.0 735.86312001
1520985600000 0.000416 0.0004217 0.00040029 0.00040223 6947902.0 1521071999999 2847.65636083 11744 3139288.0 1289.18276357
1521072000000 0.00040228 0.000409 0.0003712 0.00039185 10087405.0 1521158399999 3887.71889138 17311 4231142.0 1630.2356587
1521158400000 0.00039297 0.00039419 0.00037871 0.00038135 5389712.0 1521244799999 2069.61710602 8518 2317510.0 889.80463147
1521244800000 0.00038134 0.00039 0.00035804 0.00037171 6444040.0 1521331199999 2382.40010167 9885 2030649.0 752.40481431
1521331200000 0.0003714 0.00041127 0.00034002 0.00040799 16603540.0 1521417599999 6122.02684897 27101 7878862.0 2922.27098926
1521417600000 0.00040798 0.00045506 0.00039686 0.0004442 12853821.0 1521503999999 5427.85379048 23371 6678596.0 2827.05702483
1521504000000 0.00044498 0.0004991 0.0004312 0.00047941 13494427.0 1521590399999 6280.17949322 23187 8080232.0 3769.17406313
1521590400000 0.0004793 0.00048423 0.00044282 0.00044823 11021787.0 1521676799999 5040.11991436 17977 4604678.0 2108.49750741
1521676800000 0.00044839 0.00045 0.00043067 0.00044678 7903754.0 1521763199999 3492.98149943 13516 3587971.0 1587.00360375
1521763200000 0.00044678 0.0004536 0.0004307 0.00043645 7605003.0 1521849599999 3346.62839032 12818 2886090.0 1271.88629117
1521849600000 0.00043753 0.00045749 0.0004332 0.00044548 6358971.0 1521935999999 2841.44958817 11151 2668872.0 1193.22643611
1521936000000 0.00044491 0.00045998 0.000444 0.00045731 4360173.0 1522022399999 1968.7055074 7787 1932429.0 873.32228595
1522022400000 0.00045741 0.0004715 0.00045091 0.00046688 8676685.0 1522108799999 3995.95318448 12288 3722610.0 1715.96858532
1522108800000 0.00046595 0.0004933 0.00044701 0.000479 8020122.0 1522195199999 3774.64331443 13777 3275737.0 1547.51912649
1522195200000 0.00047947 0.00049122 0.00047706 0.00048969 5235005.0 1522281599999 2536.33062713 8131 2597664.0 1259.88517375
1522281600000 0.00048985 0.000499 0.00046827 0.00049132 9692344.0 1522367999999 4710.09830459 15528 4452088.0 2166.29046462
1522368000000 0.00049317 0.00049321 0.000469 0.00047672 8062455.0 1522454399999 3880.10354502 12127 3994559.0 1924.04309447
1522454400000 0.00047672 0.00079999 0.00046611 0.00052001 28210133.0 1522540799999 14957.93458894 29558 15796200.0 8545.59564126
1522540800000 0.00052114 0.000545 0.00051426 0.00054357 17430802.0 1522627199999 9220.19701243 15813 5708626.0 3034.83923291
1522627200000 0.00054417 0.00061145 0.00053746 0.00058124 15020581.0 1522713599999 8548.38740992 19256 7843716.0 4457.42385517
1522713600000 0.00058171 0.0006073 0.00054965 0.0005597 12580919.0 1522799999999 7250.88084331 18480 6778300.0 3907.43920667
1522800000000 0.0005595 0.000578 0.00052966 0.00053365 15972443.0 1522886399999 8919.14333724 14632 4531613.0 2514.2910117
1522886400000 0.00053365 0.00054927 0.000508 0.0005156 13254979.0 1522972799999 6923.7338574 13999 4571397.0 2374.75937337
1522972800000 0.0005156 0.00053718 0.00050879 0.00051918 5444214.0 1523059199999 2841.15845571 9262 2527440.0 1320.19273993
1523059200000 0.00051867 0.00053896 0.000517 0.00052327 4677633.0 1523145599999 2459.28271005 8341 1951628.0 1028.14017819
1523145600000 0.00052327 0.000525 0.00050703 0.00051547 4203682.0 1523231999999 2165.79712487 5881 2673696.0 1379.90569617
1523232000000 0.0005161 0.00051738 0.00048458 0.0004933 10797296.0 1523318399999 5432.23436373 11076 2386422.0 1188.08545436
1523318400000 0.00049365 0.00050809 0.00048001 0.00048003 5323728.0 1523404799999 2612.3808701 7356 3107138.0 1521.34409559
1523404800000 0.0004803 0.00049991 0.000475 0.00049303 8607664.0 1523491199999 4174.05474867 7848 3412734.0 1652.29704504
1523491200000 0.00049374 0.00051246 0.00047734 0.00049712 25449828.0 1523577599999 12659.88137479 19055 5795705.0 2851.96157961
1523577600000 0.00049603 0.00052384 0.00047327 0.00049863 11403729.0 1523663999999 5699.47673995 17343 6048557.0 3033.27527253
1523664000000 0.00049685 0.00051327 0.000492 0.00050429 4851564.0 1523750399999 2441.99617819 7487 2184108.0 1100.59586138
1523750400000 0.00050405 0.00058067 0.00050046 0.00055264 12779291.0 1523836799999 6977.18272574 19888 6383132.0 3496.45235997
1523836800000 0.00055264 0.00057385 0.00054 0.00055636 7892527.0 1523923199999 4387.53356264 13578 3910796.0 2171.87588839
1523923200000 0.00055707 0.00062249 0.00055105 0.000598 13637055.0 1524009599999 8006.0394882 20144 6487601.0 3819.27244045
1524009600000 0.000598 0.00068699 0.000597 0.00067137 13963719.0 1524095999999 9068.30088384 25143 6647467.0 4318.42612666
1524096000000 0.00067298 0.00072604 0.000636 0.00064 18383509.0 1524182399999 12408.9106777 28813 8552447.0 5760.86547896
1524182400000 0.00064041 0.00069117 0.00062 0.00063544 22593190.0 1524268799999 14604.97168743 25591 5595008.0 3595.43715008
1524268800000 0.00063386 0.00065186 0.0005952 0.00061527 8707572.0 1524355199999 5388.08188348 14598 4148292.0 2569.56278697
1524355200000 0.00061527 0.00061858 0.00057508 0.00058621 4623046.0 1524441599999 2758.20094317 9674 2034397.0 1214.05593391
1524441600000 0.00058746 0.00058802 0.000568 0.00057652 5991549.0 1524527999999 3466.24024082 9351 2508428.0 1449.41571601
1524528000000 0.00057802 0.0005848 0.000555 0.0005586 8821369.0 1524614399999 5016.84769225 15225 3771823.0 2147.98976289
1524614400000 0.00056055 0.00056776 0.00053539 0.00054603 9196743.0 1524700799999 5073.70682215 16709 4579171.0 2526.83608345
1524700800000 0.00054603 0.00061861 0.00054453 0.0005844 11316111.0 1524787199999 6636.15561611 19806 4986413.0 2927.60057957
1524787200000 0.00058433 0.0006485 0.00057998 0.00060021 13451496.0 1524873599999 8319.92378195 22569 6551053.0 4055.32472733
1524873600000 0.00060021 0.00063977 0.00059282 0.00062745 7756583.0 1524959999999 4800.21064877 14653 4160196.0 2576.85427553
1524960000000 0.0006276 0.00066953 0.000612 0.00066333 9595430.0 1525046399999 6220.91086421 20121 4887264.0 3172.51186958
1525046400000 0.00066565 0.00066699 0.00061201 0.00063029 7035547.0 1525132799999 4456.30096273 13940 3431651.0 2176.55274698
1525132800000 0.000631 0.000675 0.00060967 0.00065098 12670546.0 1525219199999 8232.10998724 18764 6139875.0 3983.41636717
1525219200000 0.00065074 0.00065901 0.00063105 0.0006393 5757488.0 1525305599999 3704.710397 12815 2513570.0 1619.2136272
1525305600000 0.00063725 0.00063886 0.00055182 0.00055767 8630063.0 1525391999999 5092.83815489 22599 3996041.0 2358.59769185
1525392000000 0.00055693 0.00057371 0.00053386 0.0005455 5324189.0 1525478399999 2932.7604227 8818 2765446.0 1523.31394356
1525478400000 0.00054475 0.00054818 0.00051568 0.00052597 5235823.0 1525564799999 2775.06402942 7668 2631994.0 1396.54278961
1525564800000 0.00052457 0.00053065 0.00050801 0.00051565 5351276.0 1525651199999 2779.62653553 7626 3159293.0 1641.09668626
1525651200000 0.00051565 0.00054991 0.00051365 0.00052533 5129879.0 1525737599999 2706.41321051 9599 2798867.0 1478.27632317
1525737600000 0.00052448 0.0005368 0.00050359 0.00050867 4859188.0 1525823999999 2523.50129787 10107 2307729.0 1199.59470234
1525824000000 0.0005075 0.00052 0.00049103 0.00049479 3872680.0 1525910399999 1951.19848401 8777 1931753.0 973.82444293
1525910400000 0.00049454 0.00050899 0.000477 0.00047831 3825122.0 1525996799999 1870.49945993 8114 1814760.0 889.1825097
1525996800000 0.00047831 0.00047969 0.00046727 0.00046945 964675.0 1526083199999 456.18557866 1875 400116.0 189.31014243
