1510272000000 0.291 0.5 0.291 0.37017 386.41 1510358399999 142.64960757 148 77.68 28.69906108
1510358400000 0.37514 0.6 0.35 0.4001 1168.635 1510444799999 489.00554079 397 343.111 142.10326259
1510444800000 0.4 0.452 0.37007 0.39999 3706.926 1510531199999 1518.99014657 1604 761.349 317.13368564
1510531200000 0.41 0.8 0.38202 0.4091 1501.92 1510617599999 639.97321916 501 605.57 276.14553867
1510617600000 0.38526 0.39246 0.3463 0.37 628.276 1510703999999 234.40814365 265 107.315 40.23247221
1510704000000 0.36789 0.37791 0.35011 0.36407 363.097 1510790399999 132.62149948 116 124.673 45.8644383
1510790400000 0.36407 0.4 0.36 0.37597 1151.927 1510876799999 433.13291036 398 219.257 82.63003543
1510876800000 0.37 0.38799 0.36004 0.37007 556.566 1510963199999 205.71938622 158 322.498 119.97167825
1510963200000 0.37518 0.40798 0.36957 0.37 419.515 1511049599999 161.27422943 269 258.919 99.62895621
1511049600000 0.38 0.39 0.34976 0.36721 629.109 1511135999999 227.26339598 312 92.217 34.02506934
1511136000000 0.363 0.41 0.35328 0.37296 667.281 1511222399999 250.08741795 511 130.301 49.84314258
1511222400000 0.37639 0.4 0.3669 0.39 390.874 1511308799999 147.95748022 386 116.275 44.30225526
1511308800000 0.39072 0.5 0.382 0.42465 2357.685 1511395199999 987.33579964 1260 604.026 258.23968103
1511395200000 0.43841 0.47132 0.382 0.38313 1308.986 1511481599999 544.25245494 813 401.876 169.96151602
1511481600000 0.39275 0.39673 0.33298 0.3399 1005.35 1511567999999 373.7779712 1044 269.92 102.63338306
1511568000000 0.33714 0.40713 0.33648 0.35936 1169.343 1511654399999 417.51472007 1064 327.296 119.07535835
1511654400000 0.36671 0.37079 0.34246 0.345 1066.113 1511740799999 378.36126748 670 402.158 142.95205785
1511740800000 0.34738 0.38928 0.335 0.36377 1015.447 1511827199999 351.22845983 934 359.327 125.3633977
1511827200000 0.36812 0.441 0.356 0.43 3033.153 1511913599999 1193.13124421 1592 1026.179 408.60962245
1511913600000 0.42526 0.4282 0.375 0.39783 3161.367 1511999999999 1288.08239117 1766 692.112 282.46656819
1512000000000 0.39783 0.43 0.38428 0.40183 1669.884 1512086399999 675.01777405 1248 583.134 235.66177425
1512086400000 0.40699 0.42506 0.39199 0.41399 749.409 1512172799999 304.35280395 540 186.211 75.95084263
1512172800000 0.41399 0.45 0.40005 0.43595 862.758 1512259199999 356.6147756 545 363.387 152.21599853
1512259200000 0.43596 0.44957 0.4125 0.42496 799.966 1512345599999 343.86187048 500 365.569 157.63351928
1512345600000 0.426 0.449 0.41001 0.449 1498.232 1512431999999 649.35351026 656 1076.316 468.68322531
1512432000000 0.449 0.563 0.44302 0.55798 4610.929 1512518399999 2349.74531878 2513 1598.973 815.28318095
1512518400000 0.55792 0.74 0.54388 0.61276 6251.667 1512604799999 3960.66646 4438 2734.943 1745.94904763
1512604800000 0.61291 0.68 0.565 0.625 3328.01 1512691199999 2056.33016502 2707 1373.278 854.52282091
1512691200000 0.62195 0.6598 0.543 0.591 3477.681 1512777599999 2063.3749993 2803 1836.704 1095.49823024
1512777600000 0.591 0.60819 0.53 0.54997 2404.601 1512863999999 1344.21483082 2121 1161.913 649.24810245
1512864000000 0.55649 0.58549 0.51981 0.556 1924.109 1512950399999 1044.85737087 1560 951.982 521.17729088
1512950400000 0.55699 0.58571 0.53494 0.545 1670.87 1513036799999 937.66504383 1322 753.262 426.70550609
1513036800000 0.545 0.5857 0.412 0.47605 3731.351 1513123199999 1867.9456514 2155 1169.748 601.90241236
1513123200000 0.47999 0.54783 0.42038 0.45802 2925.135 1513209599999 1393.5351512 2915 1106.938 532.0228241
1513209600000 0.46374 0.54 0.413 0.49012 6396.738 1513295999999 2908.77529346 4534 2070.299 963.55295218
1513296000000 0.48889 0.5198 0.44201 0.45899 3560.127 1513382399999 1659.90470759 3344 1848.795 866.23516554
1513382400000 0.45897 0.48234 0.44301 0.47505 2676.095 1513468799999 1241.12608091 2542 1065.101 495.69848634
1513468800000 0.46655 0.5266 0.45894 0.48769 4548.286 1513555199999 2204.46635884 3575 1575.254 768.0401508
1513555200000 0.48763 0.493 0.45501 0.46915 3208.678 1513641599999 1527.30823257 3259 1249.079 598.62540524
1513641600000 0.46942 0.47998 0.42888 0.44741 6006.134 1513727999999 2707.32981739 5934 1909.984 864.85044072
1513728000000 0.448 0.645 0.43103 0.60364 13221.587 1513814399999 7125.98942541 12929 5786.078 3130.17090704
1513814400000 0.6039 0.61393 0.51181 0.53525 8322.848 1513900799999 4577.61912869 9197 2865.664 1584.20480664
1513900800000 0.53204 0.561 0.45 0.51163 10180.572 1513987199999 5219.95025703 8782 2999.539 1544.32752506
1513987200000 0.51163 0.56 0.49151 0.50983 4448.643 1514073599999 2301.68356438 4986 1823.28 947.96834914
1514073600000 0.50983 0.52699 0.48808 0.50165 3536.69 1514159999999 1772.36391541 4355 1252.117 630.12370669
1514160000000 0.50165 0.50591 0.45502 0.4685 2589.464 1514246399999 1224.69247867 3219 873.228 411.64172343
1514246400000 0.46401 0.5 0.45457 0.47711 3299.55 1514332799999 1554.76602937 4110 1581.207 747.98887619
1514332800000 0.47605 0.53794 0.47211 0.50958 5631.706 1514419199999 2840.14553489 5869 2381.333 1201.78166239
1514419200000 0.5092 0.51103 0.48 0.49784 3995.622 1514505599999 1972.7554573 4298 1513.707 749.88849787
1514505600000 0.49781 0.498 0.46549 0.482 6041.861 1514591999999 2929.82356004 5562 2189.11 1060.77083522
1514592000000 0.482 0.48559 0.44101 0.44539 5978.265 1514678399999 2746.9713596 5428 2072.152 955.23790943
1514678400000 0.44536 0.46467 0.441 0.45171 4875.844 1514764799999 2207.72423132 4817 2382.652 1080.80300395
1514764800000 0.45171 0.458 0.43331 0.4479 4318.328 1514851199999 1916.75317409 4298 2044.339 909.34692841
1514851200000 0.4479 0.45747 0.40005 0.4247 6727.794 1514937599999 2836.44221361 7364 2863.541 1211.36175815
1514937600000 0.42356 0.43793 0.401 0.40785 6942.126 1515023999999 2932.522106 7579 3062.208 1296.86507104
1515024000000 0.40785 0.41875 0.351 0.39295 8141.415 1515110399999 3139.83886561 8834 3269.362 1263.09768088
1515110400000 0.39295 0.39295 0.34567 0.36912 10471.067 1515196799999 3811.11074755 8581 4177.129 1528.92053549
1515196800000 0.36912 0.40585 0.35601 0.3863 8630.776 1515283199999 3225.98892986 6875 3736.094 1404.87116132
1515283200000 0.386 0.42 0.3567 0.3567 8078.491 1515369599999 3101.60415673 6610 3189.216 1229.60454915
1515369600000 0.3567 0.3611 0.31138 0.3527 8305.753 1515455999999 2829.14323601 7301 3424.096 1169.04473004
1515456000000 0.3527 0.37596 0.31031 0.31638 15029.75 1515542399999 5265.87311796 10021 6290.167 2200.67564465
1515542400000 0.31638 0.33765 0.27 0.326 12971.518 1515628799999 3908.1875429 7462 5857.174 1785.99537973
1515628800000 0.325 0.325 0.29501 0.31 8634.515 1515715199999 2658.84408067 7028 3552.535 1098.1081951
1515715200000 0.31 0.3188 0.29595 0.30973 7190.557 1515801599999 2185.02114281 5424 3954.867 1204.45686445
1515801600000 0.30875 0.3319 0.29303 0.30351 7671.605 1515887999999 2358.63560108 7314 3410.54 1049.42931167
1515888000000 0.30005 0.31382 0.28868 0.2897 5872.529 1515974399999 1763.38911995 5525 2123.318 641.07382897
1515974400000 0.2897 0.338 0.2825 0.32302 9016.993 1516060799999 2859.06972293 7768 4425.615 1403.95619622
1516060800000 0.32302 0.35806 0.28252 0.30777 15506.889 1516147199999 4945.97368382 12428 7469.519 2391.71809265
1516147200000 0.30778 0.35 0.3 0.318 10358.713 1516233599999 3272.0347112 8774 4687.701 1488.93834754
1516233600000 0.3179 0.341 0.30803 0.31107 11192.37 1516319999999 3605.52065241 7828 5720.363 1856.65487735
1516320000000 0.31102 0.35825 0.307 0.35 9960.887 1516406399999 3222.38177304 7115 4021.597 1319.25323774
1516406400000 0.35003 0.3618 0.31 0.33572 9000.897 1516492799999 3111.24126174 7930 3484.765 1206.08351174
1516492800000 0.33662 0.348 0.32253 0.33198 4016.49 1516579199999 1329.52684435 3741 1800.134 598.09308367
1516579200000 0.33198 0.33763 0.31 0.31608 5912.426 1516665599999 1895.6440088 4879 2780.903 897.14266867
1516665600000 0.31608 0.32099 0.30844 0.313 4849.967 1516751999999 1522.07970572 4118 1850.93 582.18846718
1516752000000 0.31418 0.33 0.30002 0.3023 5693.334 1516838399999 1764.16924152 4710 2799.731 871.22714071
1516838400000 0.30226 0.30373 0.2926 0.299 4537.993 1516924799999 1348.79326987 3559 2407.49 716.76360678
1516924800000 0.29994 0.30964 0.28901 0.30963 5218.35 1517011199999 1563.07765056 4327 2395.07 718.06032693
1517011200000 0.30959 0.3099 0.29 0.29005 4043.64 1517097599999 1209.52565277 3435 1933.359 579.56969261
1517097600000 0.29294 0.29548 0.264 0.26744 4999.216 1517183999999 1379.81271313 4087 2409.715 666.19292681
1517184000000 0.26744 0.27653 0.26234 0.26824 4532.254 1517270399999 1215.32645154 3513 2310.734 620.07167336
1517270400000 0.26824 0.273 0.249 0.2565 8263.482 1517356799999 2141.91808247 6130 4591.161 1189.35430265
1517356800000 0.2565 0.2629 0.24214 0.24557 5864.446 1517443199999 1476.18790119 4177 3190.229 804.67597806
1517443200000 0.24554 0.2475 0.215 0.23204 11408.746 1517529599999 2650.38008203 7468 4130.467 963.97670269
1517529600000 0.23444 0.26919 0.23137 0.25787 9905.025 1517615999999 2455.76562277 8831 5256.665 1301.64368515
1517616000000 0.25845 0.26872 0.24952 0.26082 5603.04 1517702399999 1439.53868368 4944 2583.302 664.78083635
1517702400000 0.26082 0.27199 0.2578 0.26521 3233.224 1517788799999 855.42179455 3690 1766.109 468.16646984
1517788800000 0.26353 0.26519 0.24525 0.25789 6403.862 1517875199999 1636.99581069 4990 3207.297 820.75525543
1517875200000 0.25629 0.27 0.24745 0.26762 7484.932 1517961599999 1931.31483581 6282 3838.048 988.52171994
1517961600000 0.26762 0.28122 0.25699 0.27399 5210.859 1518047999999 1395.43451745 5025 2869.026 768.79752914
1518048000000 0.27399 0.27646 0.2704 0.27398 78.203 1518134399999 21.42997116 61 67.158 18.42624196
1518134400000 0.27398 0.294 0.2735 0.29364 5038.055 1518220799999 1462.31147272 3318 2941.299 854.18891069
1518220800000 0.29396 0.3 0.28428 0.28782 5366.98 1518307199999 1579.36914423 4576 2881.296 852.23010575
1518307200000 0.28924 0.29097 0.274 0.2835 2828.992 1518393599999 799.10928294 3275 1162.177 328.9305772
1518393600000 0.28153 0.289 0.27791 0.28527 2517.438 1518479999999 716.15073065 2926 1173.577 334.31396292
1518480000000 0.28527 0.28779 0.273 0.27809 3930.052 1518566399999 1094.30771887 2983 1604.085 446.3126777
1518566400000 0.27614 0.30499 0.27433 0.29819 5339.621 1518652799999 1556.74424512 6503 2897.154 843.32540028
1518652800000 0.29821 0.32479 0.2899 0.31832 4684.115 1518739199999 1421.26563162 5813 2020.69 614.94489886
1518739200000 0.32042 0.32123 0.3 0.314 5430.081 1518825599999 1677.22667283 5742 2256.235 701.19052503
1518825600000 0.314 0.34382 0.3106 0.32951 7125.819 1518911999999 2353.07899517 8768 2998.483 990.77198494
1518912000000 0.33001 0.3338 0.31566 0.32292 4206.758 1518998399999 1367.78885551 4874 1686.919 549.66169011
1518998400000 0.32274 0.33594 0.31735 0.3345 3190.99 1519084799999 1050.08785338 3965 1731.26 571.03021311
1519084800000 0.33317 0.34351 0.3293 0.3373 5772.112 1519171199999 1935.14844683 5233 3949.187 1324.58297434
1519171200000 0.3373 0.36998 0.32351 0.36525 8874.082 1519257599999 3118.88708255 10586 5017.811 1755.60708066
1519257600000 0.36524 0.36719 0.34011 0.34133 4628.778 1519343999999 1626.41113555 5819 1904.832 670.86722721
1519344000000 0.3405 0.34605 0.3202 0.32401 3933.009 1519430399999 1294.66382587 4833 1726.34 569.72034386
1519430400000 0.32497 0.33299 0.318 0.32199 3787.924 1519516799999 1227.36006701 4383 1179.015 384.1654624
1519516800000 0.32199 0.33084 0.31476 0.33084 2065.532 1519603199999 664.60426715 2387 827.241 267.64365573
1519603200000 0.3295 0.3415 0.31748 0.3344 5154.63 1519689599999 1681.56376054 5168 1739.794 573.926836
1519689600000 0.33462 0.34941 0.3281 0.34315 3526.099 1519775999999 1193.17723694 4102 1881.392 636.99179865
1519776000000 0.34315 0.34443 0.32917 0.33409 3008.916 1519862399999 1013.05973696 3473 1468.436 495.01598844
1519862400000 0.33175 0.36168 0.33019 0.35999 5062.488 1519948799999 1765.16210994 4478 2600.76 909.2741678
1519948800000 0.36014 0.41111 0.35734 0.4012 14119.078 1520035199999 5425.06156435 12287 6959.021 2665.15256282
1520035200000 0.40238 0.43508 0.391 0.40903 11408.819 1520121599999 4714.21137051 14738 5244.525 2169.53855051
1520121600000 0.40904 0.429 0.39967 0.42591 6154.222 1520207999999 2535.3886608 7395 2857.85 1181.28410053
1520208000000 0.42584 0.44 0.41023 0.43667 9953.091 1520294399999 4249.38917616 11402 4536.023 1942.73338101
1520294400000 0.43667 0.43741 0.4123 0.42152 6033.269 1520380799999 2560.68925212 9107 2443.43 1039.7459328
1520380800000 0.42174 0.45999 0.42107 0.44858 8291.647 1520467199999 3672.30047547 11634 3993.308 1771.00009185
1520467200000 0.44718 0.44718 0.38892 0.39258 8260.821 1520553599999 3393.61094956 10551 3313.31 1360.0404476
1520553600000 0.39384 0.405 0.3691 0.3923 12758.392 1520639999999 4920.89989453 11146 8569.306 3318.74419088
1520640000000 0.3923 0.3969 0.3695 0.37288 5217.906 1520726399999 2008.80372306 6074 1962.152 756.68471708
1520726400000 0.37221 0.393 0.3657 0.38725 3431.074 1520812799999 1295.71676379 4717 1758.275 665.37204415
1520812800000 0.38857 0.39192 0.23166 0.36879 5220.24 1520899199999 1879.64656656 5365 1660.29 621.97209977
1520899200000 0.36896 0.37307 0.35655 0.3572 3126.028 1520985599999 1137.1220855 4572 1294.428 471.35515376
1520985600000 0.3572 0.36294 0.34477 0.34924 4117.614 1521071999999 1450.89712468 5478 1806.873 637.69144838
1521072000000 0.34926 0.36849 0.33606 0.3477 5272.294 1521158399999 1855.35971139 6692 2382.07 841.963399
1521158400000 0.34768 0.35987 0.339 0.35819 5204.309 1521244799999 1793.85639442 4564 3538.327 1216.89905198
1521244800000 0.35793 0.35819 0.34 0.35796 2391.816 1521331199999 836.36739615 3055 1090.082 383.21381364
1521331200000 0.35708 0.39 0.35533 0.38969 4833.605 1521417599999 1794.00449669 5995 2418.582 898.93180504
1521417600000 0.3879 0.40028 0.3797 0.39109 4160.283 1521503999999 1627.43786244 6266 1844.873 724.43740392
1521504000000 0.39077 0.41243 0.38589 0.39942 3354.859 1521590399999 1339.26807152 5522 1530.051 611.55892622
1521590400000 0.39981 0.40735 0.38543 0.388 3710.844 1521676799999 1468.03017606 5734 1630.282 645.00466742
1521676800000 0.388 0.395 0.38501 0.39231 2634.792 1521763199999 1026.2255151 3123 1197.417 467.11559825
1521763200000 0.39277 0.40997 0.38344 0.39541 3525.152 1521849599999 1390.6616738 4161 1701.551 672.98585712
1521849600000 0.394 0.40113 0.38811 0.39641 1847.728 1521935999999 732.88873501 2224 977.773 388.41302478
1521936000000 0.39642 0.40451 0.38811 0.40271 1577.013 1522022399999 624.89995862 2161 768.04 305.37354829
1522022400000 0.40414 0.40547 0.39183 0.40207 2673.281 1522108799999 1065.52340157 3244 1498.996 598.3043568
1522108800000 0.40207 0.4205 0.39926 0.41683 3045.446 1522195199999 1252.54051551 4104 1751.176 721.65986693
1522195200000 0.41683 0.4482 0.41552 0.44683 2836.733 1522281599999 1219.48680557 5630 1625.324 700.88687642
1522281600000 0.44685 0.462 0.44348 0.45791 5587.379 1522367999999 2535.73779676 6126 3679.145 1674.10551358
1522368000000 0.45791 0.45791 0.43299 0.43696 3701.739 1522454399999 1643.50032105 6639 1773.891 788.10950217
1522454400000 0.43696 0.454 0.42715 0.45202 2352.882 1522540799999 1033.87514763 3819 1412.229 618.71426588
1522540800000 0.45153 0.4652 0.44854 0.4614 2059.651 1522627199999 941.79609813 4603 900.24 412.08084586
1522627200000 0.46157 0.46485 0.4514 0.4592 1907.615 1522713599999 876.46019153 4488 815.024 374.62684129
1522713600000 0.4592 0.468 0.45015 0.4537 3096.75 1522799999999 1424.47194246 5979 1310.829 603.63796
1522800000000 0.45507 0.46789 0.44499 0.44608 2304.863 1522886399999 1050.51995245 3480 939.594 429.78835158
1522886400000 0.44846 0.46158 0.44005 0.45139 2938.543 1522972799999 1324.212237 4466 1165.024 525.670391
1522972800000 0.45139 0.46667 0.435 0.43588 2808.468 1523059199999 1271.86529709 4081 1508.324 684.30400087
1523059200000 0.43647 0.4442 0.43501 0.44162 1966.397 1523145599999 865.63541012 2089 1275.801 561.85990196
1523145600000 0.44019 0.44162 0.42443 0.43252 1303.104 1523231999999 562.38819285 1783 648.794 280.46083659
1523232000000 0.4324 0.43365 0.41308 0.41875 2109.466 1523318399999 890.10007944 2689 774.422 326.14509615
1523318400000 0.41871 0.42 0.39605 0.39804 2223.276 1523404799999 912.99446977 3085 657.897 269.49741179
1523404800000 0.39804 0.40376 0.389 0.39215 3143.357 1523491199999 1243.70190487 3429 1363.547 540.43198069
1523491200000 0.39128 0.40533 0.38363 0.38913 4143.908 1523577599999 1636.87153853 5082 1446.498 573.15717003
1523577600000 0.39048 0.39367 0.37492 0.38362 4132.693 1523663999999 1585.00482563 3948 1751.756 672.89822342
1523664000000 0.38201 0.39 0.378 0.37923 1846.288 1523750399999 708.79007736 2095 744.151 285.63355821
1523750400000 0.37841 0.39089 0.37287 0.37697 3043.738 1523836799999 1164.77445719 2973 1600.733 615.45528408
1523836800000 0.37781 0.38446 0.37592 0.37879 2145.838 1523923199999 814.60841241 2282 807.384 306.74289344
1523923200000 0.3798 0.39407 0.37905 0.389 3402.131 1524009599999 1315.56756545 3533 1504.097 582.07274327
1524009600000 0.389 0.4655 0.3875 0.43661 10526.578 1524095999999 4568.41462129 11624 5569.782 2423.45251202
1524096000000 0.43571 0.44433 0.4 0.41943 4935.926 1524182399999 2109.99900627 6615 2317.98 992.12608182
1524182400000 0.41818 0.44256 0.41207 0.44219 5316.69 1524268799999 2275.35807048 6944 2960.475 1268.57577997
1524268800000 0.44237 0.44316 0.41118 0.42341 4094.56 1524355199999 1747.98922611 4894 1462.339 619.97950931
1524355200000 0.42263 0.45343 0.41151 0.43382 4664.656 1524441599999 2022.31260449 5627 2379.104 1034.38063359
1524441600000 0.43333 0.448 0.43273 0.43826 4627.198 1524527999999 2026.02911332 4426 1559.009 683.13652624
1524528000000 0.43781 0.43835 0.412 0.41573 4941.112 1524614399999 2098.07058293 6473 2720.224 1153.27702048
1524614400000 0.4157 0.43099 0.40206 0.41475 6099.369 1524700799999 2525.95825723 8771 2631.351 1091.03573466
1524700800000 0.41475 0.453 0.39746 0.40215 6740.744 1524787199999 2821.10769219 13670 3127.984 1311.94111826
1524787200000 0.40388 0.40716 0.37632 0.38879 5318.842 1524873599999 2084.66848419 9483 1979.688 774.42263331
1524873600000 0.3894 0.39 0.3721 0.38248 4164.594 1524959999999 1575.11294038 6679 1830.297 692.37671106
1524960000000 0.38134 0.38213 0.36136 0.37103 6758.038 1525046399999 2497.37333954 9066 2274.617 839.38536254
1525046400000 0.37103 0.37761 0.3473 0.36107 7462.208 1525132799999 2709.18456664 12098 3050.574 1108.76197026
1525132800000 0.36084 0.36768 0.3485 0.35702 4796.19 1525219199999 1707.57944044 6471 2254.698 803.35055076
1525219200000 0.35592 0.37259 0.354 0.36224 6140.032 1525305599999 2214.51954913 8220 2422.49 873.83473875
1525305600000 0.36318 0.36318 0.3105 0.31499 7807.202 1525391999999 2636.10081143 11208 2894.77 975.39668855
1525392000000 0.31524 0.31826 0.3007 0.30814 7869.462 1525478399999 2422.19113028 5785 2938.32 907.84731741
1525478400000 0.3078 0.30827 0.29254 0.29451 4269.789 1525564799999 1284.15325282 4996 2187.12 658.00462258
1525564800000 0.29451 0.31 0.28839 0.29801 3890.426 1525651199999 1163.62368887 4652 1956.244 584.03848397
1525651200000 0.29789 0.3193 0.29497 0.30895 6132.663 1525737599999 1883.30583528 7104 3506.941 1076.96749788
1525737600000 0.30976 0.30981 0.29549 0.29861 3789.162 1525823999999 1149.94377028 5282 1606.397 486.94762243
1525824000000 0.29801 0.31293 0.2956 0.30165 3796.965 1525910399999 1153.34878033 5418 1421.041 431.74250528
1525910400000 0.30165 0.315 0.29503 0.29958 4306.12 1525996799999 1299.60833103 5399 2374.326 718.15350212
1525996800000 0.29975 0.29975 0.2893 0.29034 798.887 1526083199999 234.13989511 1255 266.314 78.33344098
